3
39
31
67
8
51
29
54
12
68
69
58
86
25
33
59
96
58
84
79
26
6
88
43
66
65
13
84
36
72
56
49
51
58
41
89
62
87
91
81
73
10
8
49
42
76
20
38
73
92
22
10
36
97
65
43
14
74
73
95
80
46
23
81
86
6
56
84
44
34
51
50
25
47
37
26
39
17
21
88
76
62
92
83
75
51
20
37
83
47
29
17
33
76
70
74
77
74
56
69
80
35
95
69
90
40
45
28
79
17
21
81
82
66
85
31
100
26
57
84
85
59
58
31
35
92
80
28
21
72
91
7
77
42
38
17
85
25
24
38
63
25
54
69
3
87
38
32
45
46
26
82
33
5
49
39
6
32
90
78
67
27
18
29
71
26
78
43
49
16
45
49
61
41
77
29
70
60
79
86
52
10
65
5
14
24
84
13
74
97
15
60
83
92
86
88
83
49
76
30
18
74
77
60
67
68
49
83
32
38
46
8
17
42
43
80
44
59
66
73
34
95
82
81
55
78
32
32
91
18
71
96
27
57
88
10
3
86
19
91
88
36
84
64
72
64
70
69
31
19
72
26
34
56
33
15
85
26
39
3
98
51
82
15
32
4
100
2
31
78
80
31
99
46
59
75
96
84
46
49
75
83
48
27
58
79
27
17
16
29
60
19
19
28
28
69
63
95
64
29
95
32
41
74
2
11
35
29
77
8
38
52
9
8
71
10
59
100
5
18
53
14
88
87
8
45
9
76
45
51
86
10
62
20
52
37
21
55
58
78
85
46
54
86
55
79
25
10
13
70
32
76
50
30
85
18
91
39
60
25
76
3
80
49
15
69
28
8
59
26
38
65
75
99
23
44
42
42
59
42
80
10
82
28
55
33
8
98
39
95
3
92
82
93
61
7
89
74
6
11
18
48
95
25
37
65
17
20
74
37
22
56
72
100
68
83
30
81
2
22
28
3
93
23
53
81
69
53
50
36
54
8
95
22
23
58
14
37
17
59
91
91
97
89
18
4
26
31
37
72
34
5
26
53
21
54
31
42
39
39
35
26
48
56
6
8
87
10
59
46
81
23
72
69
9
100
41
22
82
80
90
23
73
11
21
49
37
69
29
1
2
12
18
91
52
50
68
18
24
74