79477
5555
36566
30497
40222
63771
11355
67900
60266
29586
84777
55140
32033
4744
87803
12493
18270
17750
30431
5621
14101
81014
24765
83102
84965
23563
87223
82433
47772
85812
9719
66320
38913
95231
65327
59603
81461
48221
68762
28127
82022
72258
27490
73489
70684
42863
10571
89700
75977
17496
85351
90305
36422
79253
66178
65644
87758
16650
42877
86860
91110
78095
88751
10362
80848
36915
88504
44653
69270
96244
34717
89687
67234
75552
12314
64525
99945
19628
24774
53172
77101
86042
31955
71238
63012
15150
8382
77698
29515
24671
14995
15398
56901
91158
97122
22167
60685
42409
37387
47100
42233
27450
9810
39111
74954
6693
12661
66580
60770
99057
71307
73980
67612
35406
5965
27542
19279
70170
69217
59732
57425
25887
1127
70873
14629
30949
54496
21261
40752
59065
17172
80286
35641
76483
50929
69197
90857
34823
97991
79894
20169
83235
22961
53704
42366
62650
59779
94295
75176
13092
40222
39241
55061
71205
68050
90307
14785
75598
82134
35905
28479
6191
79319
43096
80577
30912
90482
90989
44737
22807
87912
40677
80594
74983
92087
77792
76606
37724
42531
96950
78475
25376
45610
91740
23745
89575
75662
21113
76099
31483
61037
45402
49461
15886
44564
51586
83705
12684
60852
57334
28202
68826
52257
19142
22982
85071
38051
24902
85798
73109
55269
46915
14687
9866
16502
19949
98406
48799
73458
30091
60420
55751
7315
14817
94383
4992
29827
80632
34843
59257
48276
98784
22371
95610
10920
27036
63877
47518
4034
69920
92999
12193
18625
31023
25785
84214
68645
86424
66771
6647
81469
66047
60380
28486
45777
27724
41259
58193
91459
98806
10384
73516
79970
41721
30375
9399
62956
47468
72813
3514
28710
18752
8972
76939
49448
26118
44873
78556
48704
9543
17957
8152
45529
52764
933
19009
62335
31926
90742
15494
65799
73505
88401
13902
91931
37563
91081
9550
41538
31479
87040
97115
84895
51651
60499
43549
88628
47009
89665
71227
99629
10216
59864
18350
29905
15292
24099
12576
82510
79492
42190
53042
34669
5067
5837
49531
94525
64274
97936
39467
95512
59434
99300
44683
47930
17060
26170
9832
53796
59910
77208
8029
1631
96216
12521
50899
1902
19923
84696
86442
10967
41477
64943
85968
12007
50665
82090
5214
77349
60310
55079
88862
26774
29672
13557
30068
87391
86884
314
3453
73834
38502
90769
9742
64592
23414
61604
7477
62586
81292
62104
11550
45695
89537
46363
48268
60794
10717
58844
4171
98562
16676
32553
6813
86712
50343
69367
35976
52312
70758
68173
26585
31839
79961
71319
37602
37902
27016
62129
65010
25097
55696
68592
83936
40776
40512
55682
58708
96655
34151
64211
47918
41947
33863
36790
49329
24122
50693
47177
16234
94079
9906
58306
61249
99803
1672
80859
51320
27464
52745
32946
1057
16454
74541
20286
60658
77337
37840
29087
46021
60065
42668
78628
94840
38024
60282
98907
99179
45271
19672
52649
78237
95291
22611
68310
10505
5245
65723
79013
16669
27029
91134
81386
20268
75621
86169
89575
66290
60755
66873
50817
51425
46437
74847
69289
36488
13127
36414
96652
95887
60390
46864
63247
39321
24928
23687
75817
52687
71849
87793
82591
60712
70384
53241
11083
72631
4029
81915
24522
19612
91451
72841
84306
60987
25193
27067
68428
77661
88107
37425
99898
66958
98157
18127
76037
88767
18118
61925
99127
17721
41912
76373
13470
51936
87733
29256
58938
23071
48422
79214
11059
10897
61836
12971
33712
24413
43265
47430
83723
37237
24683
43584
1908
23823
33497
30754
87109
52364
4482
85887
5544
13905
9391
2017
13167
45874
93270
53222
66959
85785
64673
45501
72837
9158
6055
75639
79055
90251
20643
34831
56464
99241
73842
228
24358
97702
34472
55252
2393
71734
12468
39818
68058
86755
56946
73369
71935
23335
49651
75761
24996
40677
28269
89039
77112
2583
21614
40694
65851
98135
18156
52654
98890
14694
77074
41938
38432
76298
26661
65763
40118
50771
68736
61855
829
3711
48107
6522
80373
31369
34829
44219
10367
26348
30027
8795
53203
32183
36699
80697
33835
31112
46223
41248
14399
65014
50454
66427
28461
20067
21048
82733
44511
3617
91534
39131
67929
49279
32513
71169
18157
77624
72306
43979
61613
54922
88365
73365
99927
30684
35373
72488
33491
95651
9651
99096
6435
86756
84725
77706
45853
96848
66293
5721
31022
16
51852
81887
27845
92988
32462
51069
67836
41464
12306
63151
32634
70353
18210
99075
86357
83562
75385
26459
84623
60408
77887
65432
20650
80202
92009
27872
16802
97294
58131
42845
34943
66643
12960
50114
30969
39948
95970
36823
35857
45796
56039
55394
47966
98107
10073
66183
88032
44116
57948
38109
58867
62406
65726
22719
27589
91520
28996
62213
65704
5906
32926
32263
90779
83130
9283
25185
70955
85354
94334
9623
85393
10040
1705
95945
74443
62228
55284
91789
14212
30685
28081
85782
44622
85743
46626
39339
14750
34751
25887
78493
24920
88657
72346
2646
69393
71991
20387
91202
85087
80502
46064
10487
17711
34729
52904
53322
63854
90854
90511
79957
42671
83105
7332
30395
3040
2627
61411
61504
2163
80981
17465
51790
41576
25702
82866
95490
69694
88014
77074
32528
60622
90431
13551
94369
40906
56669
98673
93526
67561
76303
89312
32619
87903
50309
42983
25230
57117
30695
19143
9048
87074
77431
55435
49183
77716
50648
11655
78438
13985
13002
76619
45059
97259
9675
93640
4868
16933
6186
22439
17800
81930
44419
7070
56525
23382
36908
98463
92226
77983
82313
66105
49761
89038
16922
73135
80586
81542
96071
11728
46021
78153
64725
11921
50294
15153
90817
86748
85017
60928
15881
63894
14733
49332
66110
3486
4036
97362
40146
9986
68619
45671
43930
84840
85814
86864
44925
29275
97897
42439
2084
7239
72727
59110
64912
60128
7988
99310
85918
13459
86541
17783
72697
27860
72731
67289
56160
43984
32066
66801
48604
60541
97901
60380
58387
95902
69797
37689
52635
74705
62070
58683
25848
30515
61963
46737
67827
53577
23781
3887
48127
10013
35411
19653
63222
96079
80111
59529
44781
51351
39109
11145
23519
96525
33956
71254
24345
23810
21539
64759
35705
24734
94298
60606
21887
48248
25447
75886
42640
89489
14912
53413
94130
6478
25854
56068
29772
15580
94900
5250
93287
4843
38938
77656
6988
44721
41941
77220
5654
71589
79881
52161
91141
51400
4083
91195
20545
14787
61460
31960
8681
57907
7870
26054
90411
8706
27382
21100
92932
65558
30153
921
64545
20772
27945
68275
39980
9909
56755
97789
79445
12157
24722
69434
67495
73180
64476
26425
4331
7008
83076
37470
60269
22594
88477
65179
30957
43461
55669
76526
11640
71146
79269
46662
83186
36483
91008
61457
59991
50443
18270
11031
66109
55433
20908
90242
33402
1676
30338
14861
19133
48856
37068
12687
78818
36760
27782
85439
61668
16630
50074
33921
99171
38171
7757
61603
79749
24526
55393
83711
15675
27669
64382
98149
86060
73108
6945
69544
6110
93429
19410
95947
67210
478
56491
36646
25659
39251
48645
3878
50501
43283
91279
61353
73740
85263
5026
77236
85370
84355
48176
35779
35230
61415
15381
71364
16481
77443
34398
5393
39256
10440
75131
76110
59189
92594
39392
94069
23526
37284
86372
62963
22655
93458
86221
78018
34551
57293
38863
82182
89405
56308
54323
24120
66904
14399
73394
72850
22443
4971
85377
5040
5716
22191
44364
58263
82429
22576
87452
1201
54871
92929
45124
85567
99347
47
41814
74177
20804
16003
53786
43114
31433
78961
90042
97223
83268
74644
7595
81625
91129
38431
36253
94036
6704
93332
51839
77047
60821
15809
64798
69414
35914
73321
10617
104
23541
90926
57243
23521
65194
62462
31860
24102
93865
79100
53631
67423
30603
75214
50163
53858
72446
99678
88584
26929
78242
78134
50315
84515
3507
27784
45589
41147
11290
27803
1020
52143
63009
69645
94576
91132
14764
15969
28065
87612
39414
38488
84438
96802
14397
76929
99523
22063
73777
46254
67049
29968
92480
95366
55210
88181
93925
5579
49584
17650
56188
88010
14719
61817
79798
38659
31998
95162
46023
85788
44570
20357
23693
6289
53597
6964
17465
6245
2452
31988
30284
94452
70128
36793
5084
85289
80752
97353
58882
76774
36097
22243
86211
46545
75697
41412
57028
15814
95331
88852
28224
83805
43293
76877
43917
63561
8282
47310
61719
65939
17678
8150
97713
79432
3457
57118
96725
36934
62031
34301
6160
6614
80633
12343
635
65916
85535
63071
569
97833
2349
59168
55938
46395
51961
51520
18088
89536
92941
31020
44767
27308
73617
11429
55742
29087
44224
862
36473
59288
74379
38274
95027
10877
32741
6634
77128
40707
38135
64149
32416
18047
33787
10697
26252
88215
38102
35381
11440
49366
84727
3810
33253
14633
29623
54062
90741
61794
13791
81260
41096
42940
74186
34730
78652
2156
9835
18620
4114
9766
71021
62458
73427
61540
13080
61836
26324
71451
73338
21255
93309
72022
84381
30350
38103
23819
63471
18315
72454
18070
68297
58733
12816
13233
65692
10603
41989
96801
19038
46423
64809
90065
76598
83223
97862
97464
59096
47316
82934
21789
23391
29921
37509
25739
65507
76359
7523
21579
39971
67695
56806
51087
53891
26968
37117
34759
60141
55243
16997
24593
54614
97580
56441
7203
75966
72836
43589
99588
89037
29910
46551
83339
41081
56549
45977
50928
15744
59233
33344
2304
23096
86903
93228
52139
23030
2841
87664
12475
12254
482
21018
80192
54826
86049
68614
96693
98842
15893
15541
2177
57212
20165
50590
96800
64249
41536
13306
44047
79069
57850
81938
42723
88957
80668
20126
64084
23756
30591
30661
59895
77499
27697
23705
95962
43724
25396
56838
8236
44757
42613
33719
60206
3161
37575
71707
90165
3660
93344
59178
44605
74572
26647
53350
30496
90017
54748
96747
23110
87788
39778
5226
26304
32192
7743
58804
71719
22620
1317
25589
90677
26406
6570
24218
70831
62425
27205
75701
22454
14051
93597
43926
85426
54736
8142
77159
49071
69671
98472
69533
32852
70963
4066
13559
54523
51645
24264
91852
95561
14764
65752
30228
4714
64587
69948
48517
3399
59696
66321
78252
82985
75743
91609
12719
23884
16552
9899
97552
93758
42029
92340
28036
5976
15533
91773
69466
16524
67431
95793
3289
28053
71425
56582
6545
31084
18704
42315
33247
84355
68050
3104
5367
97497
59135
4276
51282
25614
92540
77722
63187
9203
96703
62803
63898
3936
80599
66300
54893
62970
60016
33692
86218
45664
9335
7911
36469
48606
57098
3813
44561
66102
33133
59198
47236
88831
32972
1138
35961
5451
21429
38756
81914
38875
33252
40091
17273
76339
88655
91347
70698
32197
11069
61913
58804
17554
45218
44445
64298
34916
46480
26033
61781
4004
25434
30226
37721
34251
78869
56344
63426
72583
39588
84314
4442
32111
56944
45930
37965
22221
82617
1129
1462
27505
72064
23201
12941
83138
24058
25042
27113
15691
51952
93758
14139
88561
4826
50420
47782
48280
77815
66556
76997
68828
21652
31398
59383
75714
28537
2883
16276
13939
25369
92943
42763
10751
9272
98974
99816
18706
13291
49454
46351
34492
83087
7673
51607
85695
54244
65422
34961
75416
93473
21024
13369
13558
22655
67174
68002
75828
27376
43761
14519
71408
99827
10521
18561
83972
33831
24005
35925
9171
56913
45557
3994
98334
90571
13866
47508
84435
55863
43325
23651
57982
74332
20946
2874
67311
75036
61260
17551
35498
45887
55767
33982
14952
74884
98412
2295
82172
31826
32244
36602
45448
7812
1721
7700
4497
16022
90141
4334
39611
75794
64805
36446
11778
56037
43693
28076
16910
38913
87243
20763
29860
93190
44535
80218
32103
64816
15276
17331
67914
61459
17159
32239
51035
3974
48743
7210
75485
98533
42085
99023
34775
94737
52702
11051
7205
36378
11744
50766
1434
48269
89569
38888
7552
41892
13748
3272
55951
28640
58438
23762
68789
92037
77516
39333
24510
28368
16681
62552
47698
22053
60515
29821
41192
70059
27768
69072
25168
4186
50002
13748
14856
29457
56667
27100
25341
16204
97778
89059
55535
82990
67653
36507
55800
57159
50781
661
19231
38820
44382
25298
16541
59474
63059
45870
52725
77494
69253
67104
51661
39996
43768
31157
70055
88309
26039
98003
43235
69874
28692
31185
96534
23765
79697
55809
6745
82258
26829
67321
98811
65177
85779
48593
97527
73325
89055
90349
29020
45582
57406
36918
50123
87619
71408
37671
50642
24358
48149
41055
13648
86291
20685
62930
61992
57752
41763
20028
77059
10967
68151
33043
82004
10259
60754
77722
97695
93065
34727
60754
67286
40265
58102
32296
39872
17390
24035
98949
67054
85862
1349
526
26491
61160
44311
26887
95303
80464
11521
58133
58911
19708
9120
97872
51480
44469
28586
62114
38926
32329
92592
43398
82788
1636
91198
74292
44887
89017
89643
33774
2700
2225
14395
53942
51295
21003
23844
41765
32954
13794
38651
24112
37988
99405
91125
50459
79079
50280
6199
22262
96620
4977
3432
77884
42512
33116
87043
33258
87880
19743
61466
80744
61845
40688
35535
55809
10703
25508
7329
84684
97892
46176
92650
2041
72122
70169
70343
52849
18741
12622
56128
73226
94240
8803
1564
51563
65562
25604
89626
27087
67862
39292
94850
97340
35387
70357
1400
73068
80734
71692
9725
82131
13922
19533
10724
17368
34165
71248
13229
77561
65388
50180
36634
94342
97070
94693
41196
10119
72309
20898
61137
51806
81677
121
19632
71707
55763
76188
47836
50374
15612
30000
14089
11184
68929
28163
14853
9291
50081
97946
23852
6560
23975
2920
73854
61801
8198
65960
51025
26382
10998
99447
48859
63430
27141
7468
42653
73410
69885
11372
54857
22505
10135
86611
72308
26018
83318
79186
91345
65782
64679
51441
15759
38001
67707
45077
90299
80733
92859
4183
73499
25027
26165
87289
58247
88632
80813
8768
81573
31547
84931
67419
24099
85313
78915
48531
11212
94698
57115
42948
42715
60966
40594
74554
41631
17551
98005
7777
80838
90615
93270
6325
6467
35237
85390
96023
46241
70941
21992
90449
46832
6917
56426
62137
68057
45613
15542
76274
26449
13898
86023
82463
98988
18383
64620
65852
12215
27852
89325
21723
74664
68652
29492
75085
80930
31254
8741
65602
55190
68216
3029
32316
41505
13328
6866
96591
11875
75061
11353
15225
81420
21367
97347
31719
32606
74484
24526
85768
82980
88537
16448
16691
68623
45077
7662
52525
8054
29479
53248
66030
5749
18159
36093
30483
76097
82399
86628
79692
64489
43213
39308
51146
99734
68837
77743
99950
27600
99467
21232
69849
29519
5154
39291
69948
52710
30868
97549
75959
9977
68501
26279
65507
46261
90590
58647
58712
93057
19553
23332
6282
30523
34139
4967
15948
55858
21190
43862
54165
52038
90861
44050
11074
90440
45655
73140
55199
90657
21478
61652
75925
71447
43150
12672
99037
67868
65107
29096
1878
84436
66652
33778
67949
69718
19581
25420
60689
11216
76640
81503
99648
11060
37627
50497
63833
10770
55551
98291
25445
23841
23382
72752
27576
9262
39687
59935
99104
94667
28356
9734
67909
4848
26625
24484
24118
61597
12777
70762
19085
67455
61554
53737
3099
54226
57612
31804
43467
96455
37614
58817
16658
69524
9137
28126
91528
57301
11639
83357
68053
14011
5473
87535
13501
60045
28867
68041
46326
19340
65752
86054
49236
89638
98482
68453
36626
86686
50765
74707
31228
85810
78389
70655
4629
76096
35153
42336
95962
47736
26179
97319
2461
18378
66495
49189
89365
37779
29108
44187
34172
83036
69941
28259
64863
90150
96233
17726
8219
96079
42713
16019
31410
13536
72607
42036
2777
27776
30945
26364
10801
30715
34139
44400
95148
55026
92832
68269
66171
72147
37029
4186
49445
98757
65138
84884
12460
64465
31048
40471
25565
41310
2703
38336
66776
10944
90559
78428
25046
54178
10450
16506
31292
80811
7556
75796
1416
66816
72190
98571
5015
82119
56243
7514
19342
3507
24444
32209
13782
32906
88660
77965
11018
43947
52751
26261
68579
780
24902
89967
88354
23387
88443
3462
33965
80405
67773
58780
25226
93030
69596
32587
82448
78993
5066
76824
59138
29407
95385
69417
44183
23092
83469
87252
33487
14520
34378
5092
88929
13424
61923
75139
80100
85961
63004
13039
73976
61793
44349
88613
15304
4062
94033
87498
27554
267
37420
57487
94854
538
25841
88370
79004
46225
14031
55394
54069
48957
10382
88686
56368
12827
75788
83420
44001
25947
46575
86443
2097
81827
7873
83201
34027
97645
9995
76448
14389
50981
62714
15446
5977
22506
16302
25467
92735
79538
46193
18216
41035
911
67829
78593
61280
71765
94247
72579
51393
60795
57974
20817
6830
6693
35962
68047
33605
89992
83765
97655
97683
90766
35110
59320
7678
67649
71766
69792
68708
91198
29775
97857
74277
29797
81846
69979
10425
88390
56949
74619
37961
40545
11732
22656
38276
73012
49006
64836
6132
75403
85101
46790
27767
85003
17246
10104
34809
65680
43044
77928
43219
36305
84183
88106
7955
15387
49523
63479
32373
12344
88144
86020
33295
83973
75263
79623
26149
88484
30247
94459
88491
54179
38500
85369
57539
59132
73447
90221
70512
97623
70020
53840
71933
62274
97478
93261
41680
18844
61969
70311
42347
17734
94673
33192
46406
16871
60196
6324
83767
31266
23615
44337
76341
83672
61197
23963
47892
76513
15881
9036
95419
24010
88959
52647
94523
86883
85915
66723
97231
22727
54980
46506
71725
89230
24611
88842
1471
72309
73254
49475
1226
97886
15573
81231
69852
5475
19657
30258
7284
8268
86801
94667
94902
57997
31265
90335
11005
95764
17203
29110
26719
33545
60188
74886
99998
86696
90811
28888
45515
76479
54651
58302
37150
6828
58791
1579
89909
90805
23135
44872
84746
16064
61143
81275
88781
448
79360
16354
68910
76362
75578
87734
1244
80253
37533
91759
6452
59806
74740
15594
90098
23216
83577
78806
65629
57458
58580
91552
28353
43888
42913
28476
46392
4745
6929
2401
18195
66345
84935
97502
88606
13586
71239
70521
71400
49566
52538
41187
43695
89963
65061
99097
75181
43586
52388
6025
78746
49477
95932
43966
65905
26627
2476
95152
72969
73682
38361
32404
36323
61832
76901
58690
48473
53519
93911
9637
50666
60927
33635
50977
62576
26260
67456
84216
2170
87099
19929
48407
38436
96502
3255
35419
75044
58774
72071
87815
48344
48343
11398
95682
74671
4520
13865
7845
42646
80226
15599
7563
12867
84744
12303
70604
46306
59080
45045
92979
30640
51411
62723
58543
82019
21158
26864
42056
70339
94958
97202
20986
63376
16161
62843
31519
13213
60453
76318
30307
76429
5471
82495
2597
64740
42102
95171
75147
60962
61383
33794
52729
26293
29360
87787
65557
91584
20024
92282
77204
20318
88977
18154
74834
38947
84930
77622
43876
41116
72442
7502
89220
34227
23669
80473
97069
72327
88101
88736
84723
56058
63678
50310
97091
57473
44125
92424
68535
2431
77790
16682
77434
49511
99511
45575
10090
10947
80093
62140
17018
81042
42769
83634
7809
82290
98252
58757
86118
8675
27552
65951
65082
51707
8297
94010
98162
99943
15950
62855
74112
17158
17642
8181
42242
91131
74996
35064
93502
26042
39456
90681
62481
19907
37292
45267
77720
11305
4829
65163
22768
47
48748
12609
78472
26304
46349
79507
45966
9203
77103
89163
3033
85729
11250
12432
7573
62433
88505
10433
13522
39261
64378
99547
3827
98410
529
90550
12014
11482
66039
97970
45385
33336
41033
62037
85153
97847
80230
53631
61980
62685
30114
98247
43232
66083
66107
21243
69536
49994
52968
84636
87134
69703
98389
66294
30376
83355
34115
77887
72163
53351
41679
12316
13875
65978
12254
65351
94320
45837
14807
15321
40176
79162
30756
11284
46014
57976
21361
12557
97431
1480
17385
50813
45571
45348
95831
77511
62208
51225
86699
61561
13903
41085
69642
94323
80275
38764
2675
50245
7611
35830
32708
29119
48693
68911
79484
41219
53858
45207
43313
42372
2772
63962
37584
91686
79899
41507
9131
40948
13476
29890
2680
52885
94869
18990
98919
50006
63424
69010
1078
80953
68495
86306
60861
59781
96515
26788
20047
29477
96969
60081
88418
28128
24463
83155
71780
9126
25374
43064
55146
44588
36238
55833
88685
62156
73373
78598
41507
39373
40388
45315
34578
12946
77602
57872
29497
2386
85439
8219
66272
92218
16720
58466
57824
10126
54449
58435
59829
31653
15690
85789
90432
37035
41490
80470
77319
69595
79810
98750
93389
43672
52829
43319
37247
90660
24359
47620
50872
76648
88817
66026
73230
50601
63242
79559
59571
19944
19206
43207
86649
42412
81022
95600
23460
19510
70283
97884
39431
68943
46551
85501
91745
31135
17704
85645
19015
63438
20288
2238
34495
83187
46648
78077
19394
33186
45094
73582
96639
38701
98658
44988
27907
46952
32775
686
24220
47120
86003
81652
53795
10719
70305
15696
64915
4010
39517
70451
54109
34418
2042
2833
32531
42432
43866
11700
67335
71471
91585
8209
28743
13718
76718
84935
27990
86888
34800
23466
57280
42133
18919
43084
14581
87182
7712
67146
18188
61735
10606
65305
11685
5576
66382
41886
43138
36686
76852
90786
98187
59369
7199
88594
79802
60335
14877
90823
28456
11892
65155
25185
91102
42291
47894
56027
19907
52542
34566
72402
30691
8141
48138
96067
24737
34293
22375
82705
40834
82795
6190
43079
61106
17295
98401
12819
5331
92095
27716
88540
66688
18700
94220
24175
87219
69697
47802
94307
93330
67101
89399
18793
6583
783
27052
63976
91492
49025
43325
27486
58804
61203
53429
73034
15961
61651
17989
51282
84836
65507
82723
92555
13095
68104
77004
84043
21862
32404
52352
33522
17099
33140
21648
59684
53737
56714
25803
55781
33206
71451
7582
82377
91216
99862
45389
31494
85865
48181
36552
54450
44828
31164
65732
55793
43252
90284
47400
9951
61083
67678
97384
56928
23721
87997
33074
86511
5761
21717
85720
7942
10377
74278
79550
44405
80808
18262
64799
53275
89858
6333
67375
50294
72872
45351
8868
65559
47662
40580
82142
8747
62165
71347
93766
3294
31564
63127
16237
24748
15708
57296
82278
13481
191
75597
91742
87242
87938
69015
33395
51807
71246
87118
27941
78794
95275
71950
1629
21198
52388
54423
18197
15402
16425
67926
90952
56649
82092
37652
86667
90890
44557
75383
57026
48608
60660
43835
91454
17999
51639
86631
6712
17261
15358
34257
37265
61331
63567
69713
77216
19132
96066
13137
94256
40971
76432
72405
47795
20881
23103
8994
27863
4878
81305
71880
78104
64891
66893
76272
20326
5958
85991
87910
50582
31426
57294
58997
16964
51552
33111
98296
59313
70337
56480
42722
31268
38919
94847
76650
96610
97270
91854
29480
79103
59088
74486
16441
8065
10788
27279
22707
68125
69769
58858
7886
76247
60622
48780
98319
48520
52386
17576
72367
58124
23752
44074
66201
69377
8227
65378
40192
74349
74942
444
2823
22641
79561
47054
58437
88065
13073
8914
7945
61708
89804
46999
33563
55908
50790
61897
59440
29529
42580
36781
70337
54652
77129
15729
75612
48161
60063
12018
57574
13434
44113
5572
47192
32490
86955
95522
52464
25946
69260
23093
66108
61886
67309
91804
33352
94385
892
90249
19946
41928
82511
19099
22328
98555
66505
37923
41063
23749
48307
5390
66071
26715
16484
90861
27501
99413
49334
32383
68733
49158
83255
59867
36840
4147
51021
8819
56466
24473
96570
61880
18123
68306
20065
33824
95288
79879
80668
66874
10843
2064
25161
97064
3959
15022
78252
85829
15919
64241
35597
85610
26908
2983
84152
53801
63718
15187
87601
64213
35771
17527
80973
31384
2887
1265
11404
34251
77320
83948
11505
36392
82186
55055
73484
30739
14052
42938
95908
25013
80181
18528
11461
67367
5527
726
9957
4287
85337
14017
23836
94349
97641
46188
4910
20169
75368
39149
98471
37103
22632
15455
47484
34188
80858
35219
40200
79833
78730
67649
22017
33843
55497
230
74211
7094
32017
9277
92763
69019
47689
932
72491
80688
97003
38375
96590
17747
26759
55902
30036
39602
34360
43263
51515
6932
98858
78275
55370
46355
46296
8568
4828
96949
48145
62302
50871
92258
1882
36993
21483
73343
84436
93302
94049
47563
53053
49801
88945
65849
88710
13314
61013
95962
88229
12347
32155
71231
89219
44091
89657
37307
51462
14875
2843
75727
90221
24709
14379
77640
58743
19422
21640
7879
53713
71163
68488
77778
63673
50203
61709
91088
63726
59143
28135
6545
54336
1705
5397
61307
10151
55131
50675
95688
64451
69988
54765
29320
15401
39634
18020
13374
69052
18739
83066
50494
25220
35701
20600
66393
58810
43986
46026
94458
85228
20079
33252
67665
20993
12421
76336
31406
71702
61890
69581
21120
71470
78561
75262
30915
43413
68009
30366
9524
98725
73054
58315
78265
39156
49246
71382
95347
51743
91671
31132
40506
90277
76995
41095
91379
20349
22386
56164
60625
34468
123
81872
7505
75910
5534
32989
41208
2278
12906
47782
42715
3864
43807
65082
88673
73934
85472
7404
52725
937
52350
59009
16633
14374
49430
84624
36931
19343
79976
88448
90131
83212
4424
56741
36321
24233
92694
92882
77332
47522
69299
91151
46448
11448
41647
46508
24991
74585
22186
42970
39673
13847
90411
46228
72123
20014
73179
97306
88951
85407
89125
19872
9354
49298
10115
51658
73581
94947
60476
10609
78938
43118
56603
50046
20079
65492
50404
73919
46264
256
15851
65637
29142
96695
5651
95603
40651
31450
72945
88778
16960
49165
70710
64246
69815
74015
53846
8184
5836
33881
67994
22421
74490
41957
74915
20392
34418
68610
67175
22784
78456
85833
64244
17580
27103
19252
92928
12359
70475
27312
97927
78506
73880
23345
88136
31438
14792
27227
24739
7265
4427
67554
30851
42720
75735
4069
48856
33292
32256
45482
38050
20824
82487
1943
43526
39764
18705
20984
79966
28627
72983
31322
81636
83576
13203
92368
67202
68691
44861
97961
91614
57076
98547
40311
54890
35539
2338
26032
53463
39594
68634
43103
92626
34624
42063
95204
41295
46603
3507
43790
34759
63522
77581
76549
86068
2949
50891
12888
97684
48933
8558
56250
66858
88956
97372
64080
14274
3819
71315
83338
43151
71311
78618
95272
2589
49249
64579
87039
10455
52875
12817
63030
80334
51124
93724
72039
47930
35664
69642
75208
46856
89179
94377
34492
9132
70701
91064
99335
297
88592
37090
77675
89681
29891
42404
97006
28626
65429
64392
81517
88841
36009
29341
69805
69763
80831
97705
3843
51964
34524
67148
82212
97537
13147
97496
47934
8098
70856
47309
54561
32189
64954
98734
54050
44452
39071
511
42056
54252
28308
34249
96960
34331
33080
47756
70245
44845
72176
65014
67132
18684
53038
65645
34672
25759
44015
22750
45834
3789
69595
33641
99645
75815
76994
26908
50973
30601
20646
48021
93345
6425
3339
23009
67599
82535
43039
59780
58907
4013
59373
15404
31617
3143
15858
35958
93206
55057
96124
72340
46854
57391
7545
94645
76258
28766
18980
76458
59799
66944
88376
10500
89207
41732
74411
34099
28182
44677
31925
87007
90947
10616
46890
32703
43217
85731
91204
53023
19706
92605
30927
74382
22186
79741
10828
26332
51558
75044
28098
31231
81627
31993
47709
57623
81745
43721
25401
69974
62597
15197
52332
40351
60429
8425
28414
52513
43117
16712
83000
41811
69923
34226
4266
57260
21841
6593
30293
45509
8953
51620
28791
22999
1616
90953
15492
64981
18238
83681
1053
42198
54463
33776
28241
10291
78828
32946
73630
44726
99799
56501
18129
41037
90835
63153
49361
55395
31356
81403
84596
12520
71903
55228
78487
42081
82002
77707
66548
79878
98525
1778
90347
56941
80725
26731
97056
23449
79451
23482
47618
62956
5295
30894
79301
94130
18311
94264
54210
29255
60325
56451
43505
83010
47156
63457
37882
5852
82299
72562
72530
93359
65586
48068
4509
95838
47837
98923
2328
43455
2913
94237
39386
21111
22789
83971
6108
35913
98617
16708
86401
18097
16983
24711
59144
29603
67947
14756
98344
67638
6371
22390
19946
77507
74782
1265
38696
82561
12644
91204
37866
32044
22367
82779
31232
9617
6901
8843
65334
51788
11510
30141
43977
25598
80031
29921
56690
74465
24665
58384
596
22750
53229
59019
48233
26613
88020
76737
64102
13063
38842
20969
13243
81509
66378
71300
2896
19424
94905
72106
46550
12749
83484
46896
71495
16521
89080
97529
84726
8202
18153
13618
45420
29418
52049
96631
1402
50684
74212
36120
54058
69987
87730
82608
96189
60380
66016
15648
73455
79748
50254
81634
91769
93109
91865
96100
85007
84364
3377
27028
76097
38956
32014
57527
3906
63918
36466
19921
7450
28480
16542
91874
87998
18759
40213
45006
61861
43045
42840
54171
88587
80568
8925
89286
95366
16986
35978
9402
26439
89897
22633
74151
59345
43877
11182
67580
90862
45690
68991
94460
41195
38592
66121
97549
13441
49255
65393
71323
77504
24906
99137
48195
52908
1534
50591
12751
62837
53
87903
20515
62950
51487
35188
57940
50933
28897
5108
98165
30831
47415
66435
40479
88968
47563
43552
46546
33471
4877
45383
44583
62405
53351
76340
82909
86521
74262
39232
76886
58628
51151
47776
8134
20508
75269
58488
80080
54105
86183
75655
57974
31893
88958
52193
24043
95345
6607
57305
92620
15929
68170
70274
96359
64676
16460
62094
50120
7331
48056
66697
9382
36262
7915
81353
6593
69279
7943
4067
14095
9341
64852
11992
34115
74103
54477
95544
36397
56901
90099
24645
59582
49499
96020
50245
88893
25208
50631
91024
18302
64848
21345
55518
45820
68162
26074
70024
60554
27583
99094
39992
81215
18323
87494
67426
93713
92875
99714
55842
34588
68224
55970
30100
41037
44239
74892
30395
53632
23025
40636
6809
95896
2528
63534
28177
36916
99359
43152
83581
4867
90256
83855
29778
22161
97746
62101
6146
62035
54369
70034
78250
13481
96772
28295
6685
19017
4277
8620
54625
79557
85683
90635
86825
87258
95311
24825
7136
13182
19397
70957
48212
47876
22885
98191
57611
43151
93093
12023
34236
82939
89333
5542
66691
95375
55841
34444
26822
98000
93342
24313
20159
72167
58360
4818
77401
21985
23348
69421
7510
50023
89651
70887
85222
70528
2753
38028
91805
19557
89891
97167
99530
38502
51641
37947
37968
21925
77861
34705
11676
52581
27390
27757
20187
31128
32671
39690
51238
84713
28706
8730
61981
53370
92268
64220
59336
12180
25590
51440
54732
15028
89178
92219
63617
45604
19339
81387
29305
73668
44224
59479
97703
45148
98923
89341
55344
53342
22701
42708
33124
17959
31988
51816
45856
98609
92350
29827
28611
62870
52793
22138
79891
89299
48196
35806
32462
97101
40754
18191
41349
66992
59580
98325
6783
24222
30758
32909
57562
61513
89806
66253
6057
31989
55111
78125
3638
38973
71044
12606
73393
19987
97938
59635
92919
14486
79481
90994
57860
3382
95102
35080
43859
83033
33676
86353
56568
72326
44521
35788
65510
8293
48463
43973
85854
78834
34335
43167
64153
46393
61790
71724
42975
11480
74235
30639
98357
51904
51487
24137
12763
57041
50665
99735
4036
48539
50109
8935
66432
73474
95255
56264
24691
13531
55906
72975
90262
4335
30464
20718
77884
45707
15810
45093
27830
7876
89712
31630
70210
955
42895
35058
34104
11944
63426
79275
56238
91741
39530
72799
20778
4186
13607
85824
1970
52368
53342
82389
61125
33859
95264
28281
7231
87814
4544
8069
9799
49901
8837
72800
76240
65006
22173
85522
26457
16191
35537
23155
31619
49720
77393
75073
82620
12171
24488
26341
35488
92006
80224
15262
30792
79458
20383
47058
24144
55131
67401
16856
71670
54415
48569
96268
76418
43040
80057
24639
15405
63556
2858
48795
99711
18294
38436
19757
91922
67104
68573
66884
59399
8613
51207
54350
45821
56899
31713
47772
31556
20959
95218
50550
65002
88476
1696
15283
28822
17076
78345
49767
37567
62005
858
2724
50613
40864
71446
56663
5202
90286
8535
28579
8265
54084
2609