9529
73576
19144
95908
55118
76615
96828
95601
5766
50617
45792
94322
22446
94574
29883
43700
5347
98137
62009
74494
8914
59527
7782
97892
39341
97943
15889
2693
15825
4195
95767
97012
98517
96254
86108
1908
67608
90010
35604
48121
69828
83723
84898
31886
19824
92056
81274
92578
77504
77499
72765
51406
72645
46630
31854
48846
53275
48903
79989
58944
90621
37104
31667
878
352
10222
96321
88892
4948
95244
81066
29076
31760
24082
28994
36034
99905
4385
2937
58082
40250
73144
12210
70734
36457
5221
15039
36648
22260
75327
67108
56275
72606
70077
86565
44771
87978
87586
92313
50702
26715
72792
73182
76047
68279
63380
42720
75873
47324
72778
81168
81916
80818
91301
5780
36861
87544
22788
15265
88682
45168
69992
1675
16576
41235
55925
36450
14558
9339
71364
93847
52234
90478
40735
59707
12412
32523
91993
37606
45417
18604
48651
50222
82227
29636
75434
33106
82581
11410
44625
76187
18058
52988
69135
85817
54067
75455
25704
79089
60590
89302
22660
12074
86269
50047
82453
85396
16459
38818
26998
43602
88897
39531
6056
36981
80043
58025
81767
74212
2479
32310
21719
60222
46553
46700
25723
52765
83978
62688
90612
10785
15509
41591
14787
62811
28235
70755
67787
60405
31661
99325
2439
13774
7745
33004
18173
21628
38507
50212
66636
95061
81943
55820
38276
83442
84755
50542
62241
45126
51115
47800
58901
2220
58309
76815
34407
50008
1887
68961
98915
83031
57437
44189
72027
40041
93157
89626
77718
42368
8507
66639
39990
4540
21948
43809
64061
70966
76415
62763
45793
68272
48034
28477
6835
32076
15640
31380
66995
50906
16441
63945
52612
74742
68083
22196
39147
65146
56442
6899
93958
68854
77138
24695
2762
34401
65752
56805
21087
64343
10979
57354
41402
95243
12811
10685
63074
24712
13512
16952
46542
60772
91296
95937
96566
77670
24173
17215
61747
14657
66220
16728
98974
43704
84947
93405
83044
77457
75514
87699
37412
40206
87228
70894
74776
94065
67769
21022
26468
34471
59621
75714
37496
9683
35172
2047
34300
66438
43176
95957
97726
81157
97062
21780
45712
31846
30457
27966
17820
20127
32796
78460
95970
43311
10513
30373
99548
99932
61598
98241
86578
40397
28444
26903
72569
95031
73077
52403
38691
11202
73819
89924
49889
42295
52760
45639
17478
60393
4970
61260
45811
49015
49852
73224
82105
39960
83694
17653
91291
47206
42642
58888
88111
29624
96396
33296
50496
9117
91660
86005
55244
86205
88755
1988
88343
37692
14174
10412
20995
45130
17830
1562
30045
85237
96038
45253
93453
38153
58023
72002
88681
45981
47119
23536
1870
40772
91217
96746
90231
8761
831
11519
28463
86401
7822
27924
22729
84444
39067
37698
55817
41033
17984
61219
39368
77123
81100
44767
28560
15678
66577
62827
19933
88250
91912
33151
47502
84967
22676
92991
16312
21385
36834
94610
36945
47477
7434
45036
36490
30444
66546
65017
70866
85568
3912
4543
4550
38677
13974
83470
92868
85936
16219
45471
16437
59739
73731
82310
47578
29733
65497
70494
23057
630
20455
6733
16195
97170
68499
77673
16085
27199
80269
87694
42680
96779
49070
37411
55250
67107
80113
8253
9589
64443
21663
7690
641
18842
46085
74055
69600
60213
58451
37581
42351
6221
31947
89889
31245
21477
26563
45252
59939
76108
92628
31846
29533
10218
289
46808
55107
96368
99615
75538
69642
19252
54860
31030
86762
58477
60403
73720
20422
44213
41027
65251
20589
11750
85715
23861
51380
30422
73010
38945
13091
46040
86991
1056
25805
39797
63311
64858
58533
28320
13325
32070
41085
90628
28366
86533
35431
79279
24048
42610
80640
93992
47754
19010
71195
95047
19972
84811
98822
40193
38357
1383
55175
16312
59602
8059
86893
59893
15876
87573
28774
5500
65027
27525
49664
71710
85076
712
44391
53612
30355
87715
11043
85312
49534
90585
91460
47314
25778
96302
67066
37777
68108
93086
5887
30921
66094
78454
26494
7687
28220
27256
1055
91105
26347
45290
47699
36210
14085
4072
55733
46541
54388
25834
9518
32784
53514
32265
62060
28865
17146
71565
67658
27882
89895
8520
59647
71053
70451
54707
90911
45704
98134
57737
85130
52889
46310
4460
46339
1033
12606
951
13981
88702
3177
1290
71251
89868
39663
57035
55028
56198
80200
34518
6812
10641
66480
94562
15001
93053
4159
6737
72239
2360
28304
76805
14040
82701
93859
22039
4085
41460
64966
1932
37799
98260
82588
10856
38885
48116
9420
77566
48482
76538
83500
61052
66452
86612
86944
39955
73196
15302
90302
85006
36621
34818
82071
8132
29894
25538
68505
67171
4353
38624
55484
46028
35405
69149
31036
15397
50638
69547
1036
71140
20953
70678
42261
75905
42128
88134
34867
7797
25249
72727
92865
48755
70102
91650
6674
19533
3316
96366
2037
47424
53565
6624
40998
44936
49551
27997
17008
62978
12427
12396
2882
13198
9081
58031
91966
87334
8521
95591
30858
69019
90420
10059
64024
29539
24050
25854
46238
50740
10623
9183
42947
26295
27160
59850
48779
73881
9005
78895
23702
95902
79677
54629
4923
81241
37789
39256
44845
44070
89745
56619
57548
66920
19826
66297
50733
2369
48875
83430
98500
26194
80082
80950
48922
59528
82854
18112
27884
72298
58572
7069
56313
69044
94688
28072
98343
62391
39815
3798
93144
95141
50177
31031
69687
88581
12154
41269
93072
69730
67068
85217
72920
30342
27575
38412
79990
26601
35485
62837
37976
5583
35409
32006
36786
18794
94525
67109
16710
19049
4368
23250
43829
41049
53511
21189
37145
81391
91646
5332
14313
135
42099
84780
77412
14716
77042
89610
26977
95540
26410
8267
26170
24646
79863
30010
88246
10035
62127
85235
87788
20323
32790
998
76567
91836
91030
79683
28714
11368
30452
66737
98848
77361
77437
33164
82259
44806
3589
63646
67902
79960
18536
66054
76405
95717
57957
27376
20145
15064
76685
61886
88502
36735
41156
4358
77865
1735
51117
23090
33316
96269
13944
88232
12862
67884
30661
59433
88693
68697
47730
61811
97901
47615
88100
19011
56537
7425
54731
68893
88050
79200
88768
87093
16503
36650
61779
85098
57475
29751
57808
84981
49499
10334
62878
97516
62398
89245
96104
94877
34383
87743
97823
83598
76882
87051
28670
64089
8944
81634
88300
68646
17413
58456
13165
80209
71853
44728
25413
80893
12155
94197
20506
96765
3976