99532
87055
51092
92244
58060
60445
72038
71936
98564
89799
83961
50492
82380
12362
69000
27259
38066
20501
3569
49596
47551
75330
39708
84440
23502
37483
6900
24818
78196
25836
77372
3373
46514
12468
7777
7001
97675
96180
37567
91263
41698
65106
82000
2255
12816
92439
857
73982
18187
17644
34958
92512
2891
21436
10143
39386
97468
21439
72301
90859
59332
94714
76323
97341
51967
86970
29790
26986
58988
78725
48250
8459
47409
4084
21140
56635
83771
81586
14647
41183
33813
38962
67793
85060
21286
33351
35255
97651
38965
37337
76633
35404
7664
41604
19045
41267
93431
6433
94074
39812
35019
32648
83933
77769
93437
55621
71851
30711
33828
60006
52240
50764
5409
80587
78884
94116
42843
809
96023
97661
79857
75980
19501
95033
85049
47656
60851
68281
535
52762
44643
42888
73284
8612
41213
4926
31238
84938
74134
52287
87524
1910
67398
9827
83334
95147
48774
1623
80044
44776
57048
27077
48116
67967
73245
83623
31193
17173
98348
801
65355
57001
48513
36611
68042
38643
39009
26317
13492
32430
71591
47283
38790
79174
8198
8885
98339
66765
93938
5915
16077
64532
35051
21191
97840
28675
16933
38229
92752
69706
47522
32130
14965
97629
18958
57028
41327
25279
88108
19351
82577
41719
2051
1534
40447
47638
39039
49390
73005
33704
80261
78747
79334
2505
62433
74465
2654
24953
92911
76558
58376
69109
51781
66033
34015
66426
62856
56358
99331
72081
17597
67447
27113
28672
61472
57152
338
82291
80620
62986
88507
1187
60973
22836
62742
23733
27173
14478
92682
69554
34952
64557
78504
6803
90222
67322
53718
60395
69904
88944
45652
77695
58468
1961
96484
52143
20737
23166
98416
68065
28318
96898
4935
84369
55795
58114
63316
80115
99630
1822
71364
59211
21493
36509
87170
64400
36271
52351
94220
89439
94278
66707
96252
76
67278
13382
62451
40394
56676
70740
7848
47702
8275
14626
65778
64941
76423
31550
2181
75047
52385
53497
7250
13179
23308
14882
72684
17564
75680
34435
88376
16111
61886
12503
72107
58784
23341
73902
38169
36857
1821
7169
3431
30035
81495
54442
2148
87208
77724
88380
26429
9168
12373
48604
7180
99263
70503
5406
58127
72630
33342
54763
12415
92195
50677
77547
50139
57252
59426
76558
83387
3913
66514
27005
56559
13754
42539
47666
23179
10237
29604
60118
39524
62247
55343
90543
7890
68247
43296
95471
45447
76530
89902
28107
99699
45093
88477
37830
31138
29774
10390
63671
9549
84268
8856
78784
12657
99575
37434
50723
16419
3509
93840
73900
99326
65144
10240
16432
12822
49777
50662
5644
36870
15838
54283
72424
12169
27976
93907
90928
13813
64553
45202
826
33909
41173
3281
86239
86111
4139
98920
53899
90831
87038
82590
40068
22479
46933
69134
86923
59028
51204
29344
58774
27794
69953
79454
94398
25593
80765
88663
54913
16504
27162
16778
88282
98379
24740
24291
1579
6057
5796
38911
60076
40547
72495
36504
93031
41718
56251
69915
22252
74265
29689
4494
45372
68645
93250
46762
1920
85514
99107
89802
74719
20609
38252
69619
32542
36718
1577
20455
4447
26518
9938
99304
97429
14485
33952
70800
69573
19193
8504
53292
57044
27243
85524
32469
36223
10305
68444
63827
72280
29234
11587
31099
12484
60283
48798
41977
62278
20559
36897
52115
70038
8167
90412
93117
73294
53303
45471
80233
57223
42983
39965
67141
16816
47696
55461
51926
20345
93717
5660
21472
66345
85648
70685
84205
94401
83382
7734
4685
6860
78962
14123
23015
25824
34149
50828
48401
4808
13101
56465
7496
77103
27372
4392
64215
79381
3770
48004
81118
60271
83448
52340
56606
17203
53466
3651
24055
83888
98251
57398
58423
34362
15383
33449
95724
86192
80561
9229
3173
94620
4357
38536
94470
74530
32075
70714
37421
64376
45901
85996
90196
28611
66956
7008
10305
48090
97213
56325
59083
8936
8855
35248
87240
92707
69902
20508
58310
70350
40490
81302
50194
66351
86025
43725
74818
58547
71172
20889
88884
77707
63533
55669
37878
38642
85958
14239
38479
55496
83345
52573
46049
23447
82305
14781
64170
57700
1478
64074
38131
3338
94414
37089
64245
97930
16918
46878
82608
21247
30742
44102
33946
65208
47876
90347
9577
46760
11339
4012
68408
87450
6898
38415
54155
61913
85006
4914
60010
67301
94909
83179
76980
33526
88997
12107
99524
81139
3948
35220
29244
28737
18073
60170
32054
99115
42481
43393
98466
62964
2564
78752
28706
35053
48599
65160
19246
77395
31417
42986
241
35302
55673
29226
60023
33509
83928
9270
17253
34051
93741
66187
97007
54891
89087
74996
50438
50915
78618
25544
3344
76733
94106
7302
23875
90874
63334
30
14249
87771
61506
10274
87651
81385
56454
50998
86218
12406
75868
64888
22480
33001
46193
26373
31562
55341
68287
28219
28431
18710
72864
66340
46850
26668
20737
23794
13438
34504
75945
53892
38159
20449
78827
85162
19411
86755
12592
97293
31677
88880
58236
67028
12054
79759
27473
2663
44332
39280
27860
6185
24732
58667
81257
99257
3945
46467
40966
8183
3777
55131
15467
21673
664
13139
4441
10181
59265
41554
38895
99611
12248
32329
86414
14113
97390
37422
83476
6312
41981
71600
39340
25415
44701
72298
14962
85253
74388
35037
60416
63673
11965
10705
2451
21956
26925
43257
37020
86384
32393
20881
58528
92071
71470
92041
56706
10398
95632
74524
41331
24753
21515
64027
97963
56933
11194
74409
26094
92110
62845
35386
588
17158
96774
4201
14617
95672
6019
52776
25573
97343
25342
44600
32907
57763
46273
94425
42023
83036
69639
677
160
38344
91783
82969
79902
46765
5085
35429
14150
78232
26989
66537
37378
42411
66411
57907
35495
79039
92072
78180
57556
14103
83562
28652
31201
64731
39975
25222
1706
87750
87282
73748
2979
2788
63387
1200
49458
71313
10872
53274
1154
48407
41748
48677
62119
13078
41802
44980
98639
26749
14054
22710
38564
43912
70627
17686
53945
78611
38869
4963
61937
54464
53787
38647
23679
3786
37720
28889
96972
40012
36361
82204
54889
79477
17770
26770
27145
5111
61200
80590
10854
48036
99136
98046
65659
71348
9400
18176
24228
62448
14806
41412
75905
4591
56963
16032
62966
26146
55984
81042
79254
54921
95019
81434
28789
94324
5223
21457
39313
14383
25247
96480
63218
37615
2981
62360
54581
68665
90625
32792
65284
54312
43014
15386
28037
8240
45829
54544
44556
69505
45115
57315
75693
26354
62724
7408
15800
76084
37985
45584
57166
47718
31381
30504
82137
63686
57625
43305
85231
5098
3397
50715
99208
86488
76512
35111
54726
34205
37309
27285
83563
73992
32840
17275
83122
99491
68946
12170
95018
86657
34249
52447
51915
31016
21514
88413
64719
90456
85768
48848
10145
4467
12882
77317
71710
43181
70922
27288
10272
96212
89258
77677
98605
88213
49110
25167
48236
7853
54824
59636
84456
24314
38479
37751
60579
2848
11864
79179
84838
57603
77774
35548
69663
7788
54747
8931
85229
55314
36387
7381
19482
64717
34272
55107
57071
27604
47187
12227
26645
88498
56031
38799
41735
71841
76561
96722
58495
87158
22817
87092
24056
16646
73223
49849
93610
32361
49068
51413
7838
30601
58653
88913
96757
46892
74557
100000
45205
21210
74585
36476
95444
13986
8651
14239
2580
5456
58695
26644
77177
1778
13771
49861
76501
48165
30798
53529
26784
97905
21942
45607
17405
66086
40348
23507
38296
54648
99180
86993
4663
22712
36990
47685
80430
16892
84271
4514
88250
48037
54942
49263
50573
23672
80674
60697
5980
62941
16405
43281
61104
80545
89341
88169
15205
83370
70903
55234
1837
54538
81688
17645
97729
51843
76650
81540
99805
47292
43869
26696
14268
83357
53704
55835
97204
17072
45365
37072
89918
11468
34934
51130
42855
64671
33272
30684
15629
37867
1628
6055
44775
5539
41094
55834
11051
32013
44525
71322
95128
74533
34812
4897
54711
64481
42508
15151
23830
98890
1484
61448
95558
51526
14693
72811
8307
77351
13552
44187
34370
679
97828
26387
75480
95790
25688
55309
69250
26701
41501
91104
67977
20079
31525
3881
96058
45170
47400
64494
2435
41006
6761
52789
5461
82437
64412
77892
732
50994
67187
93382
78150
84508
87288
66790
51551
972
85838
18785
63801
98569
30943
67749
6340
32609
90850
15728
38614
27087
5101
91849
10258
28930
12368
62603
14808
59792
78638
31152
70278
95630
26789
90390
30926
81582
18661
8624
38967
76987
2946
81971
60172
53699
77185
47665
99524
30814
47346
66960
66654
52535
85577
38999
26778
78497
7899
34977
31828
67047
91683
24303
1348
19680
5635
69387
18586
24771
90911
85388
85784
97742
5969
47923
65570
93450
49012
24405
95128
64882
55302
64497
85976
80299
74327
53069
43489
86784
23427
237
848
78991
13918
69705
52027
11489
51847
70741
34180
76426
13941
34138
35458
28858
55610
92478
93807
96568
74282
66260
48346
10324
73365
38302
14297
39663
78419
76239
94679
143
60788
44838
59827
35626
83855
97928
32733
84172
44047
60058
15063
11895
98073
93202
77445
45068
17183
76560
87144
122
97501
70282
38972
57922
21370
21880
99104
15558
18767
81121
54264
66261
28897
28467
61442
37870
87415
15184
44271
39847
12800
58454
91109
6974
96528
30790
14755
40597
49105
13048
76044
58438
46149
32758
58601
19217
34247
52507
50556
98620
68887
5861
3834
81232
24792
82813
93568
602
84891
29815
48914
9715
15098
44248
69387
30141
73017
14355
47626
66286
87273
42326
52262
23342
22976
45366
22092
72379
7628
16213
33400
54480
43248
92764
47961
85238
45963
16731
79381
66025
55049
77917
25770
25674
86879
33937
82709
65683
31725
501
47043
94914
36219
67336
2977
40312
90203
34171
89266
18454
54138
72661
30144
4399
88477
51176
68761
18246
46728
91958
14079
10527
63522
30624
79823
89179
16992
716
26957
39813
47187
14735
10496
20732
52984
47293
23137
74197
98977
51703
87467
90601
64846
2540
17782
6597
68066
11981
80624
15174
65246
31517
88780
87200
93515
92674
51851
70262
50560
43890
63119
14359
60747
93226
67150
68318
26905
6611
83607
18913
273
51985
27577
23659
48648
65883
75367
57730
19425
24909
83328
96947
31150
89240
66436
72852
39918
91332
78577
63326
40473
66129
61341
30344
45422
77988
50453
10739
51454
52666
49276
53958
33166
37566
26968
93868
41892
3169
73084
46682
91696
16492
86005
98848
99644
33331
7610
71695
27948
62312
42735
21352
94996
31621
70414
56902
84757
53543
17628
76683
49193
78649
13935
72746
81193
82674
64294
75430
55645
58531
58728
73908
7493
12034
31448
78000
17360
87081
44341
5423
23756
25
32139
25157
1022
13143
88062
2127
1287
65722
71155
80752
6130
6151
27053
1443
7733
3191
60924
47013
90802
86905
75775
18428
45392
14241
43889
21433
21847
99069
27896
65198
87068
42507
4689
62004
64271
38757
68499
34642
77706
71856
19218
70886
59712
91737
77679
74349
8269
39208
88879
79076
4056
78896
21019
67977
35587
38268
93678
72168
62791
8942
52690
16960
4733
60304
82951
5602
34571
16811
28181
37168
40381
75151
686
2554
73926
76151
73519
56041
24296
4454
17626
8076
26101
22091
49031
48249
38222
44736
34352
75344
8284
39481
84880
41866
59421
62943
14756
28262
86593
59818
5766
33076
89370
21264
40859
45079
42696
83964
86659
21931
60746
92372
51506
8907
65580
29466
89944
50532
30853
12370
62911
61518
36225
40869
67443
5417
8535
86127
42684
70723
58222
2575
39537
3507
13241
41469
50120
90094
27817
82351
94747
76604
52686
41541
67998
11892
68814
39413
72042
74311
76016
21627
67110
7845
58931
49152
54759
43029
87030
7718
7715
43557
26979
54016
49595
28447
38069
71001
27734
44801
87503
76094
21046
81866
22103
12395
36126
5327
17195
14189
54208
60461
6120
8996
86128
13198
33781
98482
50639
21495
27186
3319
74228
73182
9850
36367
19667
48485
75909
91410
20404
43029
30983
40749
21136
38561
80052
9206
42619
86762
71129
84364
69587
931
17368
98614
58509
35386
76157
33388
89272
20788
24167
71156
92284
76112
21469
49661
93016
38824
25335
611
57281
20605
98007
84750
10160
3160
74824
1096
32384
19374
69849
86000
29579
44578
6699
36432
58359
47040
72064
8839
80098
48493
4954
94407
63935
31216
83387
67647
61884
2425
77143
88315
34978
69557
48049
89664
78647
80698
7107
25174
94815
56291
92376
32975
90863
29193
41942
75410
69798
98398
7808
32584
75019
63806
61270
88398
34140
66706
4660
60311
88642
94504
97922
93690
90820
48482
95200
42852
66129
6964
39179
87432
39551
82245
56689
84886
63087
43550
81344
33440
92643
5641
54421
38658
38018
2277
89525
65899
31875
71893
55865
11295
79800
98060
20517
82831
77656
9329
98882
5933
96920
64092
99552
61541
61818
69815
56267
6856
36629
43364
40663
87131
94652
83994
20200
1764
5165
18833
49173
95182
6688
30575
85282
68277
73161
98972
55060
24300
44240
15103
20147
33711
41224
5154
8127
23179
64808
16835
7340
8583
66026
73206
29372
82601
46194
28821
82109
53590
72027
74632
22239
17470
75164
90254
48083
96056
19675
18708
11950
3574
74706
58811
15059
14745
42310
97897
147
54192
45908
59596
10698
53528
9655
49866
35957
27507
84513
2043
48994
74017
55977
76956
19185
13023
33042
52183
58947
20430
85063
18229
25311
70926
84332
87705
9754
20694
39054
40591
93602
81951
94147
72510
72721
46791
59426
5505
49514
34776
59704
73792
18428
76758
52938
78414
76507
33157
58031
14180
79515
53198
93631
46908
87112
89560
94126
97082
55770
10864
10968
92766
87231
1670
19700
28707
14422
2146
70174
47996
46123
58631
76664
31455
22672
60354
99100
63830
97453
78307
25437
48303
45130
71606
59064
20521
60450
14963
6677
81955
59870
29056
89561
17137
95342
98551
24359
71687
70930
34915
37595
54130
82831
55767
83236
26850
98670
27341
96131
54442
50051
77349
87478
81024
58966
549
51987
50904
86830
80460
77083
47081
46282
54687
4322
22985
94382
53236
6506
50676
37641
89746
29743
28967
10192
97936
27494
63469
69231
63906
9053
97342
35710
75668
49586
4394
69712
32792
68284
44233
68558
41946
12682
15905
16877
39129
80564
41678
30663
63016
58914
87410
19589
25110
60970
60514
57759
69396
5039
27343
58513
74611
40862
61068
59460
29716
70900
44615
35341
30471
73378
77502
71896
62939
99890
94706
17990
52455
52553
35859
70772
33246
79430
80102
89427
55770
61569
29932
33362
6463
18977
67310
90417
39925
81508
9635
24698
80656
15767
30692
11541
9567
40188
79659
84244
18541
25444
31625
8291
76014
39270
46706
48630
16854
12809
33297
65986
30026
10434
57863
54255
89310
44526
86728
5663
89799
48118
63279
83893
99327
91656
68538
73104
26077
63571
96583
25415
24455
62313
6916
53357
76648
22986
56498
59216
36261
10933
14827
46239
2306
90545
33600
11177
20433
432
59343
56831
13949
23755
28651
70873
82490
62705
11974
91901
49035
64309
13592
3537
52018
30632
74130
85023
27558
66026
19589
57373
59847
9268
90064
43569
80984
89322
5196
78189
64121
45007
92939
25038
19931
98520
4948
51138
59053
28117
87751
42253
20829
9395
51770
2987
9267
85053
19731
62240
71898
55385
80058
5229
29143
70124
67456
4076
17888
888
61355
46720
89091
28941
4722
64327
12265
71255
85145
14951
80771
95552
88539
32796
35580
12838
88164
70293
80293
61385
92756
37609
4060
6127
86449
59073
72880
44447
38632
50825
63469
2797
330
98078
18410
44514
68024
20089
71294
48914
37234
26725
60387
52704
91019
28963
56351
51055
60130
31046
34897
10319
95310
81842
25360
2089
57987
76591
77313
76930
51244
62835
29423
78175
64348
40481
41509
58676
77878
48108
49777
8945
55542
62567
8052
62110
67545
52923
77719
56608
9141
28128
22365
50349
42809
99439
20684
12187
47825
58133
33068
24582
44451
63949
62216
20199
72278
7576
57356
23097
69987
43223
37800
21521
29694
89583
36246
42668
44962
61409
38586
12855
84904
51620
2534
72802
39666
25288
66884
54643
26558
26124
63687
47975
19042
39673
75242
16561
31180
45536
80349
58971
90405
92193
36768
64440
93165
32288
20166
96663
60846
2759
14324
38709
27017
87570
38867
60876
18504
81935
83123
51577
23073
43303
12793
1691
26903
39657
55958
64119
35320
135
89647
45494
25708
83848
77090
10757
4058
66962
790
13902
17451
70496
1830
65694
80649
3741
15116
46972
48168
71260
2013
71855
32
56496
1930
11433
98873
93661
48000
72924
41081
44989
43473
69825
10373
86956
90130
52780
23926
20541
57503
34862
72714
82980
34695
27761
34965
82876
36256
85942
17838
64409
27992
87804
88199
62269
58080
33771
23705
77814
2521
9939
82843
18257
28695
22269
77703
34829
32083
25760
49757
36985
13721
89097
63406
1798
60959
46908
80668
73333
24239
9242
70661
50187
22758
39091
31205
83502
44231
47628
63129
64344
40849
2489
17351
29648
97520
58063
94690
81043
15953
55277
45948
22509
59442
3484
86425
20960
7107
80639
70241
61159
14389
17559
35704
56436
70609
44068
2719
72207
72172
88093
28477
94440
21639
59197
78038
36208
23612
36721
43622
52870
27209
93872
63786
32825
43949
63632
5128
68478
53467
52376
9448
29875
13803
11524
5341
86350
17981
29651
78836
6318
85988
37225
7523
14797
86885
73418
55118
24455
1500
76448
30482
52204
32004
78837
68728
34859
7339
3598
24407
24258
69457
95945
59531
5311
47637
51579
93368
20226
8360
88842
9342
39125
64427
70953
2512
53218
1883
64376
17259
13430
7483
60504
24566
53770
85406
71189
57110
62345
47190
59480
67012
73482
1433
59777
78517
24372
24231
74207
80531
6050
41018
13518
79441
28681
99639
51479
56464
77600
50113
80699
63472
58886
96029
13679
63358
76835
87670
85295
99310
69247
97731
4804
19638
74598
69625
214
17031
98980
5466
83315
75929
9120
72770
81942
13939
10104
79373
37404
27460
5050
43926
64779
14630
91670
82579
41731
77654
38959
61474
65218
23292
20949
71444
54301
85404
24775
3877
21729
4373
19330
4813
59187
35731
26462
34433
7872
49208
59275
20442
84915
77455
83583
11979
2063
58620
86476
33107
23750
75982
8286
58372
50640
49849
63518
17851
35996
56535
84372
46164
56348
47495
98343
38565
64241
28968
29889
86814
43365
8668
28729
33620
9175
83379
82853
23491
35073
50552
35111
31049
44717
45114
44801
51823
60190
89136
83216
83421
52564
4507
45312
85569
47643
53582
72717
5468
11815
66846
69137
20502
82875
50543
83905
62823
73053
43679
98999
70365
76213
38578
98574
68167
62595
82050
53550
43624
18839
45767
84750
86928
5262
4586
42152
21892
78296
12294
630
53749
41353
66072
43412
17207
44724
13373
92813
77962
93237
10717
27303
91665
37926
35039
67237
35579
5833
42929
74313
33909
36192
32573
65583
24236
34901
68786
15627
86443
20576
93505
84389
96340
30719
94626
78526
35296
99352
6596
83695
71036
17534
70937
97249
87880
98272
11795
28779
91829
50168
91952
16282
5794
54516
83875
61652
67009
42962
8945
28665
75103
2358
2160
76165
85489
47862
17019
96312
40736
7493
87047
17633
82603
71862
51345
99034
51161
40561
43403
81385
13476
63714
46143
35879
78303
76693
79
99938
64861
66039
92855
85382
66483
90152
11710
24703
39409
57260
35292
71738
1800
45065
72994
91154
93532
6598
60220
39402
98909
55561
7849
9882
27231
13437
91771
58790
42614
78607
13754
33398
85801
13484
39953
57795
4148
33669
54152
22240
29698
79389
40449
95861
77061
75573
70671
7445
75529
99546
48688
22697
47108
31687
67184
88779
83897
30848
52775
42044
489
69668
68934
83736
84458
10056
15599
84132
46790
10108
37660
36335
47285
17562
17297
19628
95773
87095
10387
93338
14614
72048
73655
31663
92224
59547
74101
39660
87581
54526
43975
77731
17375
42975
56654
71335
13260
56808
33613
12717
43251
90357
11191
30301
81511
28429
91442
45071
12482
56453
80545
37973
59846
28904
29082
30115
25903
19282
60503
54718
44299
52757
94746
35976
31112
48481
93692
97672
4520
6981
47584
13570
53755
87052
27977
57693
82564
11075
12438
14831
22509
39603
42211
90810
3183
50167
7356
75023
82137
94420
360
81999
82437
69667
44415
28863
82329
52770
40757
31160
12402
46846
11717
19019
3408
56946
49515
99802
78222
30350
4944
91111
20176
972
91282
38206
1209
57880
82828
11108
51913
2199
54789
98531
23026
28546
92661
74949
87295
72736
96904
28137
21699
94240
59011
4470
31681
45297
55165
87582
31552
81099
44153
79763
30609
19173
28416
53549
64546
67082
76114
54167
23809
21513
74648
24704
26882
91407
94451
83671
47228
27653
40795
12916
47004
29110
79875
37218
28456
25436
63974
94778
98065
21389
6492
70802
58338
83538
47039
47132
92977
53186
17340
59661
59254
78860
19379
97805
23114
69702
13471
56143
17154
70646
26076
15945
80690
84134
4238
52570
93364
20143
54602
14493
83239
74720
23417
553
4501
31017
38588
15502
72045
69012
98983
11495
67202
88839
2142
8929
10552
88370
15910
56826
36347
2256
76512
86028
73301
1792
96394
61500
10651
61014
76989
33879
70486
26519
40094
51781
55697
31051
96629
26607
89575
59322
69952
99685
82175
86247
42247
43522
54815
55186
7221
29081
25786
45621
71927
72785
19799
43889
39307
44734
37858
2456
14669
79235
42390
18243
86075
70435
26023
26407
39125
9009
24959
93211
72971
93267
56742
73351
83048
2298
19418
17169
31565
63877
9727
30880
38917
3365
78450
89800
18269
89202
86956
55229
67743
94221
34557
7767
33603
74285
20503
21972
95533
97276
36654
40838
19244
29823
30621
32192
66583
10508
68296
51452
13714
36028
59382
89324
92820
941
79067
38467
41798
32554
15976
56743
54157
25920
86107
37180
19617
156
16792
56572
62255
92465
36677
44203
56920
54625
73320
48105
82379
86826
3401
48451
79050
51052
53550
43549
65011
16193
96344
82828
2479
37273
66818
25748
83957
7296
34392
41436
72817
61783
74073
4485
37060
88454
45376
57370
50675
87488
88011
7795
94117
3572
14197
52611
550
86121
79027
60568
93817
4536
61616
4763
68356
52674
54389
83808
96747
72945
30735
29029
48906
57728
31007
40695
32374
10730
43614
85214
71368
66561
18495
55788
8184
59475
85573
75933
49134
45433
74837
16763
2155
59213
14787
2908
6045
96579
83134
41747
55536
1474
16503
28840
67676
70618
61185
81385
14456
72305
28885
43271
94619
54377
44076
39306
23617
37573
19846
35027
53777
21761
80745
89530
74067
63692
69242
8164
54487
48590
84076
83717
3820
46253
45288
58105
18511
63867
98996
83962
16031
52044
59540
69948
22353
55918
70695
38774
21395
71251
8279
37656
67215
10363
88645
77559
35468
95022
72932
65025
4551
88465
34777
92374
92382
26754
16019
15696
1213
48289
9838
72889
69537
86747
91019
72424
42697
16956
83550
26229
47564
51785
32286
55883
18251
58638
91063
73927
49056
38804
45589
5382
84593
16265
99774
17439
21638
33800
20322
63662
95930
44783
70927
18787
59382
17238
99227
75238
55060
64393
88494
45352
33284
7942
82927
86628
87274
21366
70153
9449
47076
37757
38060
61229
87270
55794
84499
52030
78439
39141
45322
27043
49729
2941
14092
31107
79293
93386
33135
28299
28260
41287
52228
22885
42398
31673
77457
54341
5729
77900
57500
51036
764
61184
19660
1102
73795
1913
4819
8771
58654
4181
86359
12014
73380
85580
75739
72209
42515
6622
62480
42731
70983
34935
69205
32788
50938
27335
67151
22561
52253
54115
35667
39685
61376
12959
30015
40008
44465
73292
66653
9048
47096
52815
82861
96623
80095
16993
8487
9145
3403
70314
8396
33678
12354
81906
83950
23653
63178
6787
85881
61606
61033
6107
37776
79597
66589
72036
99285
43347
3695
55871
59505
97489
30081
78225
45272
13529
61900
38615
45621
96559
76242
37075
2825
39061
7294
95737
57758
35762
28228
81538
1913
32350
25389
58685
54620
42645
83126
34150
48529
63917
87046
2679
95294
93320
58815
33926
57867
97035
2950
66747
44446
71543
73718
83491
83396
98981
78121
77116
72652
27777
51811
24810
2619
40561
40798
42017
28533
65834
77543
43970
97142
33671
10064
17029
18951
68944
51532
49062
24751
15685
76599
22496
29793
43967
60683
45201
42373
69555
17861
78404
73117
3781
5160
88252
58867
68305
92969
68077
20031
89531
32899
48030
91864
73466
93342
91392
74832
85165
42717
71405
44157
22904
33711
34281
25794
30839
52516
46977
61436
33497
68666
30787
36113
61465
21302
57948
50795
22449
28904
66108
99235
88840
36338
5512
81821
69396
72506
80984
80657
47417
6030
67287
60842
4817
40113
31706
97551
93874
98351
23541
67163
92305
23503
99329
65632
6853
94994
17100
98209
26720
74669
72758
13614
84373
14319
96706
58446
75300
20628
80627
49176
90128
50455
83478
14933
36426
30168
11366
15963
76590
87365
19773
23684
30576
23633
63142
13505
22269
91547
34051
73957
86933
44177
76857
84275
65254
9757
85445
41682
67742
53829
63395
37366
69174
2192
18928
35111
19168
14058
16219
20662
57585
52157
18274
12555
60741
51241
91338
78010
22207
28143
34242
804
3709
58839
12619
54345
61298
10411
15254
19641
1751
90707
65137
31286
7748
59394
30261
68940
10715
86860
5306
44881
682
33817
18481
92154
87727
20038
67002
90162
60149
96452
79827
61984
64450
26648
18122
99734
16465
4051
38704
79758
372
53454
44467
92690
72954
74366
64901
75267
30582
94676
97699
22948
70017
73041
505
60029
19649
28555
39493
86320
62841
40022
58508
41539
29002
83598
9763
37442
42163
33879
48150
10490
62195
482
1102
77543
41164
46951
83444
5909
61420
57296
73565
49448
16714
42806
24350
68504
58471
28479
2140
16647
95053
4125
93714
27531
34573
79926
7446
98894
17281
96540
30403
34041
977
75663
22808
37348
78443
36403
62866
41379
50398
89894
48393
1044
73634
10007
74271
19663
70482
35742
3621
22783
33980
92743
44498
30237
37113
27544
61354
9647
11330
48304
47772
3282
10519
14175
35754
92010
81705
41452
97372
18489
17411
10359
20778
83960
13046
22266
75234
1408
19992
93050
21692
57013
17392
88496
36791
12646
66555
99945
63707
86750
20391
78800
71628
86044
33943
42831
25176
44924
65
57589
88650
72588
87883
62488
56903
34087
25085
64906
1084
36081
35292
14073
64692
30872
81799
19556
63122
5391
73325
16897
57698
32455
27018
52464
54046
13760
56869
58575
36235
89581
71150
9441
60940
12643
52281
63903
76751
48719
92617
21879
67138
54738
31441
55033
31300
70059
6258
95367
12962
78155
39584
16774
82112
19318
40917
9443
86192
43693
37683
97135
97208
93866
4621
8285
60716
22854
88612
65711
11825
23361
22205
66915
31604
12565
28045
30818
1036
88389
68122
24001
80786
95911
46683
34032
3608
44861
20349
34633
85011
8927
65434
35396
34370
94738
43851
3161
515
17142
28797
42607
74982
68980
71946
73245
53151
72504
59878
50858
84814
80116
83110
9611
57948
49764
96838
3743
20499
55574
93677
10395
17633
77805
95161
72336
61562
36613
53666
39837
6181
43046
42806
4849
62457
66839
24876
54780
93892
73669
6961
11411
3986
95782
78653
81175
83018
23657
16437
33191
34589
84438
34244
38213
32076
78442
40966
68900
95659
99000
39948
29111
14143
95982
39450
17933
62938
35577
8769
4455
99839
97956
89120
14467
8706
40470
10286
15143
75573
8408
74089
63490
71283
55831
53611
83598
77051
1315
11561
1893
57425
68090
56489
54445
74427
87916
16317
85762
4946
72043
74938
65653
11972
40681
55564
28683
56676
89583
14891
40138
76798
84712
75946
19808
99040
29943
20956
46852
80174
57437
41211
92592
36719
87134
57252
7496
1833
37243
13238
51563
85392
85162
69778
96004
19933
26739
27582
31046
67636
20184
48166
6065
14516
83944
72397
28614
36137
64527
1487
61409
28011
47524
35311
89606
16133
30335
21172
73561
3570
26970
79317
50773
19422
12561
10995
7184
22632
84225
34987
99912
11337
31723
55390
33985
71785
9187
36610
21204
7386
47
54722
53867
67023
39355
25334
17191
57653
39867
76164
9136
56301
46325
51616
56137
63297
31205
77466
62266
20639
41965
64015
56293
28873
72722
19307
66410
75119
43374
59230
77444
16177
63959
5954
43158
37011
43446
7934
54985
91556
66614
89844
82547
72342
38924
33815
30120
59796
26706
53723
13016
11391
83317
77435
91073
92894
47597
68120
24708
84876
82286
74231
87533
68960
92216
54410
15921
55550
77757
11547
12995
50321
50396
69602
81711
48379
30601
95228
61192
24091
36323
69680
28489
80459
97260
44637
11888
50277
86346
87782
31882
87397
35390
48219
73668
5834
28381
48140
55071
57015
76128
13810
53687
7784
68241
65297
56807
18309
97346
51320
43493
91701
28172
92417
78724
76736
20802
18003
97287
18167
98924
69779
26039
8767
16158
56182
59644
1740
69669
40975
55012
37865
5989
93280
35551
96336
30272
6268
6598
71138
67632
12097
17649
11689
10158
29309
4458
69306
33099
19676
12692
88651
13047
88765
5937
86722
38233
94565
40639
17122
25675
88596
40595
9937
94896
76900
44410
1338
29171
27290
67075
12568
59084
38074
17001
62067
80450
66980
31896
41402
47261
37688
56419
13047
60437
37617
32570
76076
1299
62758
90543
59687
84060
83744
36203
60870
47455
3549
5930
53039
32975
9029
22081
16786
87302
75342
15394
9502
51810
43860
591
40395
32312
23049
941
78870
75587
48418
63247
42197
87485
59752
38303
89386
79376
38297
50953
58702
93687
5259
73058
82375
42860
87213
86403
92944
20967
32530
46754
36267
85902
59023
18434
14365
29886
61305
2309
1344
38772
52607
10276
92111
41286
38194
13866
93526
6086
301
15230
83117
4488
36202
63673
71548
70847
37828
67784
10731
8176
10987
69663
14116
80967
16777
17639
80045
28405
398
41755
90527
34545
48599
58423
30124
14122
8068
24894
64794
23178
71148
32303
74126
59360
93357
16762
57474
97927
30515
12481
24592
31204
89717
83614
6961
66011
8401
56201
59776
91126
88580
32416
5173
97084
27002
81540
39380
50414
45939
82477
21578
51204
26392
91241
39606
53134
38879
7691
69732
46822
95656
56387
99527
55095
8781
69599
47030
23807
42083
95251
42139
58828
86624
72151
45782
77683
48346
66364
73582
36689
30959
69467
54724
27055
49070
70529
54231
77617
86762
77413
68049
20017
58811
76405
94391
20740
3665
47654
21145
77189
57793
68429
44111
89112
7432
2574
50191
52987
18615
20244
92012
22969
14191
28455
58194
3713
99334
63415
76002
54932
5509
56812
11445
84910
89290
48933
44596
66086
90555
83870
82388
79582
94242
5690
53851
70479
68198
45262
36565
69244
75525
61754
14130
33101
48074
71782
66487
35749
92227
79573
35806
27045
76517
39665
76847
76913
9772
74646
97746
40881
342
38760
81667
32076
38120
96253
49244
74125
34304
72630
64753
9222
46446
97092
19521
85044
6620
36074
24104
95094
96400
11080
19540
31297
5176
5456
91069
98978
13400
89404
57042
48854
7943
60586
20445
1377
84333
56751
615
82766
59953
24888
13597
52234
47174
21436
71066
79905
92886
99151
5068
62922
96369
46729
33983
30647
65714
72540
22912
24398
69359
32222
67911
25555
80375
26579
67954
52750
37658
34462
73769
98215
30082
5226
16625
95421
54144
65014
56735
48601
15076
65069
96206
5851
90175
636
72065
95093
11457
12575
44618
52569
1140
17067
72799
14521
30877
66308
57176
16495
84551
76542
69653
33399
13850
87285
20517
34510
87492
88095
89666
31970
58345
17003
95508
57212
99242
13072
36684
58095
5153
82829
19987
48618
34818
14464
7643
53655
1042
99959
12800
9278
10712
95797
32826
64507
10246
92116
53436
67220
59573
34372
67042
33599
10783
24333
92307
1449
7230
32564
82118
1525
35257
12788
95867
83013
86
63379
10425
97780
97710
14427
38878
83810
81014
31707
26221
81475
82222
6262
77402
71202
12156
96141
10605
68255
1448
9977
1673
74550
92102
29467
87527
54209
63697
74576
9966
18199
96831
23795
60629
47411
35459
40944
66166
47722
57453
5283
72636
42144
35892
58866
9160
3146
36098
54115
15196
81042
42499
38213
56612
94369
60626
7241
51372
86090
6463
32177
29098
42133
39427
51629
76324
66491
13969
29488
90582
39581
16521
48480
83693
98633
69715
49265
68087
96329
91250
5964
68839
30793
64196
16497
30480
1242
85864
98751
16405
73226
14829
55784
18178
7160
78885
68005
49335
12778
61139
16998
10063
63308
6706
13738
15935
4036
13463
26594
92941
56015
21451
94431
98774
29129
62508
24516
9880
72549
21937
54551
39555
46523
23190
60033
56130
76896
26900
34035
68504
58258
64666
13855
5082
91675
90656
39067
78132
44304
35402
54198
37521
41995
68063
61993
71385
64372
24677
17426
91773
29011
2024
26714
94789
97953
19538
62893
77832
71841
53216
94320
20858
61794
97281
68593
62139
32776
31951
99472
14290
54563
9261
23167
79045
78229
33647
60398
38180
72128
84691
86561
54771
68800
18559
9982
79942
89766
4398
15641
7081
27047
77051
58080
41933
15840
38906
92907
66717
79120
33230
17760
75901
48527
72811
28138
91504
26492
20013
96120
51728
82969
10412
61063
99438
54276
56761
35303
96479
28283
96491
55190
4408
81656
60002
97986
53901
28180
34186
50424
15396
53195
72696
15470
10081
84182
5544
40889
98085
43342
92490
60683
65297
32088
90746
2063
76910
78947
89674
74639
59149
10672
58660
45528
15548
3831
3100
99969
91607
6698
4380
60245
80264
53088
93448
96675
75876
97066
73071
68282
71991
3866
7806
89706
45568
75664
63637
68751
45332
31683
548
24209
21568
9180
37932
73796
59778
69712
48621
32226
10925
23788
25144
99520
45660
33461
92431
93345
58859
73099
40880
55780
29125
81440
23192
370
46396
33716
93452
32926
7465
19063
57062
47356
41735
69231
89064
94856
86171
33081
78249
82450
15293
30846
16908
6276
5949
32362
21339
58202
37538
46437
20531
3808
34436
20667
71814
84486
38757
10137
81529
37652
37594
34377
98967
33537
15289
16209
251
46247
69697
61320
88994
98304
59274
26570
8723
29162
90903
27
27300
83462
76
76464
12239
82980
67561
95531
46972
10404
87244
372
53469
63933
6344
83581
84541
865
50074
91287
22632
71632
52565
45172
62372
19931
71510
74429
21783
33765
24744
44115
10544
45902
95395
35917
88630
20273
99085
49777
19472
46052
18249
12884
59300
16933
30515
63057
5428
19839
62975
88392
43382
4922
82881
65791
43070
53006
1700
77635
25837
96886
81206
50792
72219
8243
7843
13250
73037
91930
36395
42110
52356
73991
71487
48895
66632
86551
79051
97213
55366
97498
74769
16982
38981
38275
57221
79968
17566
27830
39000
74107
85228
46288
66399
13095
99324
58071
92625
5469
93784
16927
25674
36113
2257
62126
14167
86261
77775
78063
8856
15716
13088
56551
32727
99851
20096
95368
47409
99750
22968
16273
1480
72032
61288
2461
52446
24057
67142
70362
67398
67221
28772
39171
13151
96361
47916
18620
35694
30121
26837
21708
34112
8200
85206
32965
72229
56213
2732
10447
27445
61059
81091
16291
43715
219
19997
97536
12462
90115
98459
57030
47664
86825
49004
20998
81438
12371
83939
41042
81443
8699
19600
3402
88373
77358
34862
27361
30620
57392
31623
86505
43761
11542
14034
29169
54207
56325
45214
63659
28870
99846
92923
98774
66307
78309
45520
16356
41868
81074
56323
38058
49026
40310
44020
67567
16077
98676
76387
90545
76388
62802
64861
18347
70784
96419
30444
16580
42956
77423
39744
13698
7983
13901
16804
49137
19374
59767
38293
54980
35351
18689
94061
3641
34979
80184
34121
57990
41045
89679
9081
3742
58697
23994
2655
42834
80524
327
90325
22148
48138
56788
84499
4616
98668
4199
41228
30507
3582
35785
15644
81147
63815
882
52070
77250
16321
5694
86210
87808
71217
12314
74712
23570
22707
70073
67789
38830
78963
14601
57040
63349
91505
45560
81861
18709
96206
62744
61600
96630
55454
31375
15808
46186
38177
60454
12142
86712
44771
61893
85864
17233
47536
66155
89405
26885
48260
40903
2079
78075
86135
92553
15937
99781
73950
71337
23990
38950
96304
91675
99574
16673
45204
31631
8841
64383
24856
81067
10977
4700
37608
12337
16335
37338
95232
1425
65517
32977
99453
35970
73829
81296
62035
51353
44898
87302
91691
59932
41144
44711
16491
31981
68089
11924
24209
92921
36547
95365
40252
18132
26018
14748
8845
71705
14148
93907
12663
17099
21104
95538
50652
91446
97562
9529
59882
69698
93643
19987
7937
8280
2552
59062
61362
51508
61158
26174
85074
64078
39204
56680
2281
74326
82658
79863
44477
71569
38704
71002
46280
22912
68402
66467
43247
55651
5979
40515
48137
12798
50188
77670
9281
81013
64737
11388
53053
153
4452
67305
37083
28591
51768
22022
28972
3954
50751
47136
94255
73789
22041
79858
40649
89061
17503
34440
99057
98504
20798
24519
19356
97680
88580
90054
34916
41551
51255
4743
93661
49882
45101
83173
57152
95943
87328
7572
90116
2574
54368
54760
49641
69741
38553
51825
31030
62408
89843
80309
44559
49847
19367
65072
55106
70245
39738
68139
47676
50029
2577
66104
1219
76725
61724
80370
59557
7986
86426
31065
66761
83243
58392
32438
21227
31907
15107
68233
75767
40224
20444
84738
88988
19801
93879
79018
47919
68596
70186
97431
46219
23264
9372
90572
24632
73396
3118
57391
21371
98786
69453
87008
82981
82293
32920
9136
14821
2641
11868
53877
83898
70600
72663
86009
46438
62241
68627
25621
77778
4754
35069
55650
83022
3263
55277
46689
14741
11897
60146
26284
20674
55084
91489
54494
20438
96664
70485
55429
62491
34047
16843
10989
84485
10816
85540
56157
85830
98319
37517
9801
32316
84995
33500
32892
8296
2404
1974
38416
32605
24830
72760
33767
81291
37283
23400
9810
30852
31181
84856
99776
11982
91644
76343
53218
6348
53293
73311
27115
97328
80481
84633
12752
33400
1317
99958
84266
14105
48472
65859
69213
35151
70756
58262
64156
97784
2212
8840
16558
12452
72794
57503
14466
13080
59575
29097
82435
49804
57731
46951
76769
37534
10736
31070
53694
96223
63467
79976
67507
8246
81038
62246
5451
26368
42162
49175
66030
76596
66101
16232
51332
76600
88472
36430
19647
98588
14300
15547
43045
41993
39204
10705
52692
50075
51572
62918
74794
24239
9051
83584
41775
93263
28785
57821
90622
84836
62733
11262
40247
10824
38975
28723
53913
22343
91751
50883
70235
34678
81123
53106
46175
33967
5118
48622
74736
21230
82180
32787
98365
69723
11604
91625
99130
54836
13157
43901
56640
34052
84817
71739
38967
26945
95880
64131
98399
62439
38557
96012
41934
59993
72062
34670
43251
6912
7433
27548
15388
42186
21910
8601
3858
79259
98801
41403
12195
26182
48496
45821
58253
98322
14912
50579
34871
2569
39647
79164
87680
68998
38872
23367
45658
98970
45196
22530
39284
43576
14686
91970
47353
89495
8983
49977
1768
76413
32289
37579
97176
64825
88941
64744
88578
44576
57721
94616
57504
49961
35732
44067
24606
42426
17772
636
77281
8275
65409
40577
87009
74109
70693
85882
94652
10184
331
39564
63434
1079
47604
46311
43991
3961
24804
21350
88330
62790
74724
72559
22694
64504
75270
41333
89704
80901
28411
18286
39028
92867
1309
44473
28729
77419
12470
44194
36993
9428
22554
63308
53957
83001
64605
45704
51258
42295
3204
52447
33179
33976
6744
61463
11962
50010
92332
11856
65645
10242
18369
58068
97586
18789
34476
12503
84779
28225
63957
93167
89751
48610
71964
49887
78676
79524
19058
19026
62258
16825
43449
63762
37542
20456
78093
9742
60695
87489
21940
20434
71589
25954
88014
90660
1205
64438
22547
20291
32672
76944
59026
7086
1455
81064
9732
25213
4478
13698
79658
96829
41167
94817
10572
5560
56620
76629
54460
48519
2984
46173
39599
35201
60195
94338
83988
42613
97986
83228
99241
75867
61948
2302
49349
14924
76211
51342
30897
99593
75521
28762
21840
51849
3619
67934
62751
2046
53827
84295
80003
59987
82776
33703
26111
15668
80843
99499
38115
49329
26126
55463
49816
80881
63328
75433
57158
53644
56197
14482
31784
24779
5214
90870
68390
33779
55068
23614
36186
51978
1072
98930
67976
92406
81906
72171
12611
7124
69426
73625
66675
72727
36186
10578
64665
65392
7548
47776
26381
92911
28413
32839
98807
82123
62175
44247
38579
3995
45197
75072
88372
51393
34700
42798
20432
97277
45223
94298
92028
66592
23309
45960
40089
46114
35082
41806
79331
7348
16079
34685
88846
18572
31952
5811
42775
43566
57697
15168
20454
67212
51201
23710
48868
805
26761
55709
77349
56984
88301
77269
29619
85506
39525
59005
34528
48557
21445
64766
52598
60346
16649
50308
33842
24602
59636
40353
84663
80687
62088
10826
90276
85218
12116
18440
8425
31663
71270
81923
17054
7712
61667
4550
10307
51773
87349
38318
92553
66597
40083
45616
22930
44067
66388
62160
26343
26532
49565
69571
31219
40114
93509
21206
78830
2960
91087
77502
51070
95589
73767
83699
27540
21884
92339
1050
38322
41380
96516
83538
14453
16090
5750
49809
54349
31619
21233
94207
68904
12916
72775
9570
50227
65239
49106
23432
19856
62584
3966
10264
97556
44150
82638
84678
35414
48727
89825
63806
37534
9481
97798
7841
40529
47139
40650
77972
6374
68847
4182
21698
2377
27076
71083
32921
4501
10076
24832
96881
59083
46004
75886
80855
12045
28439
81875
40676
40812
19376
99617
59320
86111
93616
86247
59956
64897
21026
90910
97661
18059
14121
67880
28180
56346
41981
55167
34088
77630
68529
74473
56459
35174
7110
17048
35423
16421
10874
86588
95362
43792
96750
14233
63535
34275
13913
4855
93879
52942
3717
17034
59783
91979
16216
41811
56226
57180
57212
61399
67785
49879
21679
92916
47571
29301
20155
62043
76950
91223
31840
93910
79447
7770
47834
43820
69956
3354
78271
5429
8159
33541
98994
18813
5483
41166
77631
21711
19793
32887
96341
69338
68120
60288
12688
68710
65405
41181
82084
14489
43555
88621
80291
94848
22936
6066
71699
97850
20842
5548
54973
24657
64081
68336
64672
23398
36264
72468
30895
525
66576
68482
4713
24374
88088
42197
21394
73631
37465
28581
97187
34752
9639
11899
80673
78527
96080
39590
6860
5319
98208
42092
84149
80062
56851
5357
46993
3459
43081
70235
31008
18111
65158
35296
47974
27820
38405
33835
72314
25126
15832
33027
24618
88693
22435
27386
16347
17431
35511
65846
34909
90402
6570
3765
28608
99862
20311
13959
30087
6705
66023
68896
15997
16667
23942
46649
56011
44624
38129
64246
38350
65498
69914
95479
47127
57375
81767
15133
34720
70326
73665
22768
19051
85348
25305
19033
17264
15032
86804
4729
59215
80017
14798
58740
35722
24036
44732
76852
98023
43806
29402
36513
39887
36377
8187
15717
20591
87885
79602
66324
57052
50527
36352
8427
10198
3759
89831
78234
23826
57073
8162
27426
66757
16986
27161
18336
84082
55430
60295
76413
29353
83600
74247
4727
52287
55249
19986
32436
40891
39646
22410
99711
6137
85406
2352
39700
32284
91264
70553
52706
17875
38341
13311
59178
31191
49281
70186
93361
89506
71025
6064
48251
68932
70513
8184
61208
4751
17262
89341
47271
32815
95258
89642
35730
69895
33273
77443
86851
73866
16892
54647
96409
64735
63228
62282
41671
3441
94442
91711
74066
50329
323
77186
67031
24102
48162
74458
63858
79723
18317
24271
70040
61883
64047
13210
43835
32722
76903
91088
55406
43079
1272
10304
52136
80013
66444
7421
25685
15617
74785
6203
55842
30597
32602
28866
88538
22448
7065
95040
94612
89126
89508
88545
20545
59026
54266
11006
19486
30731
8530
3189
57214
24031
97663
10126
40806
30999
90893
13044
1699
79433
90412
54991
21100
59587
77965
9834
31146
18367
87298
52153
50359
94394
34863
91256
42156
89907
63341
96667
84368
29083
87359
158
97886
29373
7451
3123
49939
22403
70200
60494
41638
92251
42673
42527
46659
94879
16723
71839
14411
73845
93662
19814
62263
58942
17176
72098
11643
96953
18999
99686
59663
13867
3818
63437
54647
30644
82205
88412
33854
29700
49933
60352
82375
62027
48047
81938
83430
97023
8494
12171
70065
26728
77051
9165
56916
47465
48043
6783
37925
32149
30354
61404
54746
57740
62790
35859
59151
25020
34070
58563
28152
40361
8676
34649
84486
18046
72273
70569
72525
6540
47072
16684
56885
36065
52811
90787
56951
38355
17153
48564
29598
82298
91890
65173
72219
42251
56269
75176
98547
24917
24683
40874
39372
9543
38914
97943
57024
80893
45812
68322
58466
50236
81852
12402
62727
46513
29469
72307
90429
285
64957
94375
99340
2371
12533
79987
395
33923
54877
36883
97999
45873
37848
74986
67469
10314
56867
39253
10876
7446
85205
23257
90820
35365
45834
52613
59226
18092
73312
38376
89583
84285
71265
23945
31656
25632
42475
35488
66941
49452
27674
75408
96913
51992
74549
26886
48240
28646
88661
92880
98348
49308
4994
19600
65406
22893
14440
73106
4303
27052
72469
32317
24645
52658
6977
50096
35000
72829
29245
25225
57114
15601
33443
68809
26671
55319
47013
32432
58448
9735
91298
36782
77357
64076
77329
14561
77365
86215
5214
84756
29586
27897
91760
40023
97577
91830
67552
81844
62292
37139
66937
73287
94126
83509
24780
12673
21466
84366
52407
1900
91784
58275
10470
44364
70150
82673
79352
80288
55381
5214
89006
70576
26892
4374
65238
55450
5463
18360
1535
26043
17598
67720
37455
47414
39479
43489
5909
57513
2616
14718
45450
63358
18096
1619
46417
84622
87658
99940
41967
24743
93249
32324
40272
42962
39306
41628
85448
4455
65138
5768
5688
48045
83914
13975
95502
49638
47766
8900
27767
47566
9743
19427
57184
12521
77550
31335
77032
31590
49583
17460
39356
45090
42174
3085
72686
56415
13050
75897
46199
88746
22900
36596
46838
33468
64083
63945
47770
45221
13187
97364
90414
27807
32337
49868
80362
37163
88077
35721
5207
17799
19358
80473
92432
53129
4932
55233
17378
52307
79126
9140
97286
16171
19412
65958
91592
18471
36756
32272
52400
86999
66528
95034
46963
99315
75215
30568
87036
71473
14254
97361
37710
77327
66710
88623
49017
33930
70682
30602
82467
750
51244
42468
89604
24391
53736
51633
79165
91651
60458
71173
9265
22458
70599
22814
52503
17864
84663
27531
40647
77699
40460
67969
58404
36863
72302
26963
54240
19915
58533
54739
18562
76470
46123
66620
1820
64195
69506
36282
42107
19122
49543
4407
94300
91816
87228
87243
99245
92383
97270
79384
93511
79377
90983
48363
59732
75698
98861
74713
31685
13058
53589
26154
60579
6712
74657
16849
19312
81491
23099
96286
2918
13456
48681
60208
31125
42569
42269
5910
55569
45353
73549
88248
95542
21533
72913
74906
34664
6032
39268
49153
69045
97940
39500
47451
35738
3859
93209
39171
27027
84836
5323
98617
84724
2191
81856
74162
49843
3270
66007
5101
97980
51445
97451
43391
19917
89841
98758
30279
94637
59035
47505
91066
77943
51505
34545
74236
74691
21178
41991
37519
47831
11498
29610
77027
40007
1003
83761
54467
18422
94509
43170
11372
7846
2806
16145
31426
93741
15058
67261
15091
25780
94167
13342
15836
39870
95893
30560
20743
44435
73363
28361
62797
89549
71659
66363
91454
428
91743
77248
88341
42578
56661
5121
28901
26562
82483
90672
19862
23254
92376
6686
87100
69132
2162
86110
41626
5836
70656
19259
87474
90134
68316
34692
17373
19375
81395
31558
70344
72431
8129
13785
63149
10265
11386
1715
10516
39884
42923
21960
81459
99816
8561
83166
10487
41614
69366
33120
1750
27270
90099
66860
93613
24565
64497
18186
46526
17568
78742
70068
1045
53186
32326
56227
64967
51558
69147
35351
86922
43761
30500
8761
66924
55878
65817
66804
24894
84337
3185
36158
19653
53310
43917
60008
13808
34551
2299
2263
13153
77019
5363
2145
40731
67047
63937
79988
76430
83921
95122
37366
9985
64510
10222
93467
53843
2859
68241
55950
68755
96469
24508
99941
43368
26863
37925
82824
91577
9443
34323
5558
34480
3321
40561
78446
18987
62779
55473
72898
67403
9383
66486
34505
61775
30041
92119
39512
63970
5922
46744
22041
73555
79521
42215
76913
70005
84879
22288
33121
4011
66806
66540
37023
835
89895
33994
24661
85034
81762
71304
33956
14837
42208
10093
48735
31503
98899
95834
24645
71554
47007
2898
51090
46803
77513
34498
59561
70095
78916
31392
74938
13499
73287
38568
69083
43178
28631
53879
90433
93166
93961
24817
73914
74112
84905
71089
36496
98566
27347
73445
5651
48385
95095
87482
469
94942
50366
74780
54931
32762
63721
7265
26448
73931
8148
3321
37822
73716
42994
59378
86295
77770
28226
33537
100000
90739
32150
15790
89644
81878
36029
44787
78463
45441
32793
20348
53742
38463
45096
17531
12294
30171
29356
90450
42575
29982
10020
16910
63479
64747
45160
50965
61176
29667
73602
24618
55439
3056
57010
78807
16167
64851
6906
96540
42281
3902
32131
91838
94023
71956
21891
83997
52126
51023
33746
98084
77357
61869
44742
70645
46275
15252
83823
64612
91155
88468
89931
13368
81699
43568
37168
94243
34038
19879
72903
5078
66660
66839
65874
97196
59830
63440
58710
68337
50146
31711
88171
16356
2751
80951
53275
32011
22858
2007
87222
26882
12206
87511
44897
90169
71399
53773
9600
25039
58205
68425
23391
73636
65475
29414
25303
33031
91467
45002
2482
84068
45801
72862
65579
84506
2127
93841
61884
66382
88450
20801
77216
56375
12658
7226
29328
16839
87808
72861
13083
32475
75753
61498
5202
7844
77908
14213
80039
15737
37049
44891
54565
61849
91803
66485
61367
64013
90894
84038
42311
49159
61425
74666
49028
97151
15013
76031
25107
10899
68372
95670
48043
20876
66095
45478
83414
66307
15718
94323
21653
1595
4945
29542
81902
48553
72288
12645
42460
60242
98545
30733
82378
84237
27762
13002
48193
27295
80289
97030
60601
15416
48706
37023
50220
4661
28491
60909
63030
75309
83509
87873
73529
20822
45228
8269
63147
11903
85251
82941
96143
68738
74978
58786
13991
67203
38420
51862
57910
377
89377
58785
62753
48438
88347
87099
37762
65211
85258
2264
57963
75225
33335
34596
14764
70311
27301
34188
61556
20010
64758
45426
92714
2865
89572
93703
72368
68716
79960
80868
73068
47797
68454
55432
35227
83957
88311
77790
28894
92436
22548
37545
81153
72448
31350
32823
32557
17476
11545
39197
31235
71920
52321
66554
78434
92338
69543
11289
86884
15656
23660
88193
49848
86242
83079
97521
83457
56646
28483
93902
84549
3034
74983
52457
5900
13841
21812
84787
54579
99755
68238
72984
26518
48118
24843
5695
13267
17471
41053
25303
72467
76714
85645
66815
50393
26835
22558
34512
77643
82042
24809
93648
63206
64374
49848
54140
64099
18694
58234
14777
4110
79329
16228
50607
20714
98933
85018
82031
28541
56985
1507
11956
39823
82242
4967
11579
9298
398
86966
47706
26205
63102
52071
82306
84812
70685
79502
52228
56358
33163
4696
11599
51642
37775
2093
94569
47285
20374
22133
5852
13242
60879
51210
3381
57005
28248
44653
59296
89002
26257
26981
28161
94736
5970
44242
39898
32968
19241
2186
77742
38542
53746
97480
34100
64700
85783
84850
5459
15069
89474
23397
94804
59950
7322
1770
29881
80386
74243
23904
84781
73433
22930
34288
17548
64093
41751
76650
83828
58988
4523
28744
44092
11086
27369
81217
81559
92112
66783
6145
62326
54833
84651
71461
40504
70029
26834
34901
58912
54518
64747
92767
51752
66426
88402
36925
56343
88344
71900
23780
3370
73026
473
93666
14462
60174
63491
91918
67580
85480
79974
86100
35578
56553
3503
4484
35104
11742
68838
84142
5933
21846
55621
21287
25042
88600
63355
87132
13689
88552
96328
10581
70566
95549
52403
24379
69516
81419
76485
24602
46127
2130
1160
38731
14896
57476
67102
69696
14833
17396
1398
64243
93285
53430
49934
87919
88900
7775
74479
96840
80128
63036
99773
79377
39287
38137
97178
5872
64329
68231
81876
36505
7601
85335
70521
20268
60587
94780
85568
71235
88084
73827
95437
70221
21495
67868
72183
59468
90367
59963
58689
57484
2949
72031
36439
8284
43198
41300
71342
99993
11850
53948
53222
48654
46837
17920
90841
94339
41756
73397
18376
80649
26889
77346
2865
56482
76030
9232
38515
14811
91836
3755
66645
91474
28089
71010
4814
5132
86392
83071
68512
74266
18096
54251
3461
42685
98475
8117
31673
64221
944
25090
88262
89906
23315
83390
5453
35563
33932
96762
36553
14207
80899
93641
75058
85794
46355
99687
78749
85037
7335
55837
76861
10494
466
20017
27998
97242
68487
38639
75970
22835
64452
34588
80403
15334
10644
50081
62678
61896
35471
77841
33115
72280
52373
50869
66687
60879
52010
83202
78146
27361
7963
14248
869
64998
74477
40108
85896
20442
13765
53255
7059
70553
7940
4553
28903
27714
7678
14988
56627
64410
51983
49910
73518
59545
10283
42342
70145
25223
65791
71064
57051
13712
28130
18490
87282
46205
50202
18808
96156
82704
81353
31954
8112
78847
86640
58626
7529
88500
57602
29433
31755
79066
28604
92005
56118
35403
98770
49995
74726
93481
67595
63378
219
94485
59147
43383
55545
27418
32466
80965
52842
36218
17738
70218
69218
2857
28327
41295
31406
37285
45335
33121
25971
4927
77971
14968
55423
44078
32349
43195
67188
80417
80783
63865
41190
45379
46592
62986
79307
49014
86104
84099
24465
57365
440
99625
53330
85442
29624
22671
60245
10944
43016
15983
35827
87549
88938
82817
25231
41995
98050
50688
54589
6360
62932
35534
30466
19032
92231
42869
25301
15621
9504
76753
93605
44859
35394
78628
19618
72849
20278
41768
41307
52534
96828
72804
51114
7340
29279
11007
66690
2726
10647
37220
30235
33110
48514
65609
88393
65335
2206
32992
98904
13778
62341
77583
54265
675
15105
73754
20840
1309
48634
68685
94008
24723
95531
67209
907
99429
10992
90028
87590
68527
74502
81797
24802
73352
65068
16682
59165
47089
7695
60796
44715
58391
617
85997
35841
81843
31011
11024
72362
39426
31687
5858
8134
4606
22276
52447
92625
32691
22543
87727
4780
67535
99398
37509
2183
88016
64303
45366
68261
81887
11680
59976
46338
37461
48116
19725
66556
64646
69327
10707
62764
61191
38987
79519
45624
94182
56529
68311
72159
99590
64958
3860
50538
65358
55952
12082
73190
52574
44868
18964
17139
28914
90722
32376
80707
38613
92213
21685
66737
70562
20724
34604
86799
80735
3431
64293
4531
64607
73408
53601
77051
36275
90616
2433
52818
45010
48549
2284
24714
24173
89080
95050
11283
58765
60108
38335
88098
67802
3624
74592
57202
29841
47164
50682
1013
59402
36038
87030
30386
92021
9554
48731
95957
86060
2257
79873
77403
73213
24740
1824
62807
74003
45640
68582
94040
30695
6536
62416
41490
19578
36450
93817
30640
20786
91841
19218
54235
94569
75846
69195
79842
4829
93936
56134
88901
5583
30493
98667
7950
25
6025
61547
35408
11463
99132
30431
16869
48212
71953
34822
49417
16468
23437
26246
88270
75629
68389
68875
13922
36242
82245
91172
91849
18744
80739
85077
30489
50636
261
55092
4722
728
18834
9403
15756
64414
2921
52942
89993
53954
31555
71254
34463
30496
75224
29768
43363
77175
29258
94030
55664
63240
52586
13171
88947
78416
78520
12408
89874
89326
7087
21069
33476
13086
85054
29885
50658
79577
20141
26403
15685
13909
74871
61265
73927
53807
20851
80115
56451
59447
53632
699
48560
28403
83600
48522
77922
87480
1132
47369
95770
54754
89278
19734
16207
69173
28261
9786
45714
84711
55889
19895
80852
3933
46818
19310
10907
93111
47071
93619
12300
44244
53304
69362
58155
1554
22156
20758
68878
99425
44582
2845
28726
79303
68897
32465
69744
13660
38571
1445
71222
38859
51792
95519
15740
24531
77162
5919
80975
92524
85607
54489
48984
94449
20606
16278
31041
61186
17
9165
395
65170
87951
85477
92545
12685
7728
25178
56035
70689
21756
57373
64077
59035
18114
82281
44774
54032
32473
39137
55649
94533
90229
86159
16538
14171
68005
22922
97247
33922
43292
64661
71275
88257
3487
81609
12097
25186
48914
8106
34623
37320
10515
50772
6657
4674
63079
14121
82918
13849
29073
86319
40854
3453
36190
80985
50650
77522
85607
79086
2640
92725
62176
68457
79901
96285
81981
28756
59859
25887
27337
35955
77189
3497
26964
25234
18117
92403
84585
69263
75250
88596
66147
41853
28118
46243
33749
26498
30048
42250
89867
56852
45028
19323
73651
71708
57541
60965
70189
57175
25232
45806
35959
14667
19133
63808
48264
24358
9265
8917
41750
13343
25297
22461
86166
724
57433
47618
49488
29303
47426
37897
72834
15749
70855
34072
55804
76670
42985
78484
17542
99904
16855
46548
76718
63641
87006
50619
91689
2840
75547
63651
35922
33642
42567
6616
87400
86987
5735
63256
11703
60046
86995
5590
45447
52032
46946
12525
55013
25677
98914
42526
10070
81086
61692
83034
6013
2067
37619
66011
98293
90749
88652
11065
44238
84359
67334
79486
29981
41187
56277
41255
2370
33339
1748
50508
38515
3872
10497
19701
68872
91551
69144
80274
55420
39912
22081
46127
58214
73870
41743
25740
37205
45565
93043
60921
74248
42112
8684
76416
68791
89984
40976
73897
24252
62433
29292
51841
46277
35767
94630
92083
29839
22680
65694
74509
34976
86512
90167
77314
29196
28712
2049
40161
50806
56075
10699
28984
29341
55522
42087
95909
65349
54713
94068
27829
62657
95196
94875
30442
34897
35108
45500
42856
56044
57905
2551
29510
32683
87068
34536
76246
63714
9820
64063
34685
55916
83863
24308
33472
46207
75864
89387
63143
31852
74557
46254
81760
55022
18950
68537
72244
42902
4906
4443
99857
42421
29881
36966
50250
56203
10510
83710
67273
61726
86924
67435
53263
56565
25837
8852
10754
55720
36833
34259
57316
13085
59849
85952
5498
10431
37210
44629
73361
64597
56326
54271
81849
23873
66703
10148
96444
33614
28177
9232
16118
17556
30019
94055
51314
74905
60700
35009
59961
20960
40431
82115
68385
10146
43965
58516
78250
85582
21442
61536
52940
31592
51291
39512
96482
40947
97405
10791
78235
87407
47452
86903
67172
46695
7515
6400
96456
15041
41256
52647
63318
84896
2072
32758
98552
14147
85680
11378
36847
55344
29191
22412
84829
38877
41384
66337
72947
60249
65281
28135
13913
65742
11964
28205
22404
36090
2805
88464
61258
19290
95990
26276
11530
20239
73882
59532
97048
28074
62878
40047
30663
94232
22111
37275
76554
29493
2802
8120
56074
91312
75626
88933
31370
30491
1282
83871
11286
73614
76811
83423
72033
1703
73247
33440
17000
12606
43791
25151
69426
30033
73443
23469
19330
51370
86791
4448
40915
30648
35451
51483
54518
82693
77356
82873
83857
32558
57857
59124
74703
81081
48591
70181
85850
85446
5800
94334
50944
96220
50868
496
45874
8835
5709
47024
72275
34891
74703
17816
9990
96917
77133
5415
16219
98598
42540
33535
97543
95993
19434
80946
56021
90552
2840
25047
61986
47586
33333
55544
91989
73823
90741
18533
18355
77493
33799
87248
86226
52771
43856
6093
60333
43568
46617
48653
55302
80351
27843
26827
66520
45667
60217
28358
16001
23751
22348
47969
14931
95097
6245
58259
5775
62798
70823
71764
38903
40250
27452
89590
46469
38519
67984
74808
69847
75286
65284
91030
52774
33145
41390
834
49772
93481
53754
82349
85325
17013
69004
94311
61178
38655
78996
93837
98811
44780
17779
84569
75318
11135
76596
20053
12295
99468
25281
59364
35476
24258
77878
57678
42768
85027
38554
80003
77684
54959
60540
40455
27684
53419
58391
32770
2696
6148
53973
47771
48705
5049
11807
52438
93664
26739
36065
16254
6266
409
40288
185
40807
991
38301
27397
14995
62949
86
95553
98576
78541
79829
60371
56217
31611
12773
53202
63524
73848
99772
15756
51512
49381
73371
35701
90149
23580
71357
61513
77337
49136
52883
8498
76367
80502
83723
41343
20260
94144
4285
17598
15373
75856
34086
48006
43373
73904
49093
75521
28335
25235
1835
94607
236
51230
37991
16942
24901
66135
18431
65939
10858
27663
60411
72289
87298
23456
98565
15463
57059
13672
72143
4897
12344
88641
7200
5982
53245
41580
41268
82621
24586
99098
89700
68421
77435
33384
16016
26302
49184
80615
86939
97978
16932
42374
60943
61000
17500
78363
48942
35091
43937
85604
27163
35357
42024
11112
27604
86735
62592
23175
52768
49978
62236
86087
50165
38773
45418
19046
52282
77442
43784
32924
44458
50990
601
26937
92457
42458
37179
65633
29917
92763
93479
81060
58853
28144
24392
42047
54855
910
65610
52088
27946
49297
87640
14710
59240
83593
39839
29984
86683
62854
75039
29907
63632
37613
89692
25006
35250
18198
70803
74352
46419
78980
83677
57519
29007
75715
18926
8060
21453
37542
91740
40908
89441
10108
84433
53707
36123
58088
38368
56210
20536
79087
34151
93652
28407
86705
48810
73758
55662
14723
10391
51898
30025
49483
76915
7824
11854
10316
97582
94297
48239
99998
98803
82525
46980
25308
19635
72098
89658
18043
14429
84276
14586
80375
72451
51646
59080
11724
64731
85405
51783
285
96097
18683
32857
82241
36774
61504
58587
28065
80361
21670
7353
60592
92250
81716
99390
72136
5380
85915
26717
23533
97215
51082
18633
36280
17793
15710
10973
75882
71858
74702
17194
91497
56407
34002
44056
34345
25416
48771
68031
86555
33011
84133
1622
17830
54060
13625
64038
4988
37263
93662
65090
77608
66652
23624
67082
27977
58453
85395
31499
27434
93313
39087
65432
52592
35824
11848
71633
19215
92774
13250
97078
8350
26761
51489
36640
54911
54099
53449
59516
71845
48599
62619
85881
2386
39474
41915
8441
20585
63049
99407
54943
9925
61865
44709
50718
5276
36254
67197
56837
16992
86490
14385
5352
26578
84323
15326
55819
38575
5119
59508
70625
58607
11901
94404
14061
79772
47439
84356
50097
81642
71621
73235
20220
77691
7083
95175
26392
34962
2933
71016
49717
17653
78051
74164
93131
16277
97908
53895
89345
83576
26343
23453
91614
43082
85075
84498
78594
58685
81961
43446
1029
68016
60360
43407
51488
13533
60784
15722
64474
27255
43769
27092
70313
76406
29832
18806
82073
69294
473
77719
90962
16170
6445
73292
59332
47189
54502
15148
77824
83060
52449
54232
90214
54654
61456
6864
92905
56602
44504
46614
34720
83150
6569
45342
55577
22341
29134
24358
37155
41802
45867
43504
96827
96584
86699
13052
74952
93748
96171
60164
80067
43143
98628
74635
78716
23940
76886
53331
78725
66239
93436
33612
21919
47749
3093
55625
14272
73459
76702
32423
3870
14648
83227
33728
4736
31904
38004
61203
84756
19963
78209
97443
7988
6094
63865
24747
54420
9831
12447
7173
43692
26470
27245
70996
38713
38432
49210
45532
33547
7214
3298
94150
32866
29481
33813
2596
74704
48314
4571
1445
17419
27226
73941
14793
14778
42865
76405
27759
75342
48396
68812
80359
63509
95231
96793
58422
7599
51157
4913
48536
15427
23725
54780
67283
32661
97001
3157
62378
6754
31741
36520
3438
40935
57709
87652
61443
14084
18914
20093
25928
1926
61672
84861
51680
97206
48257
32446
53502
99517
80770
18125
33650
74274
64296
51498
79226
16003
25726
60587
7497
72914
88660
73641
41092
83624
15531
24008
96773
92403
83891
91008
62612
32760
8093
31568
52627
75454
49716
18591
40075
33956
3336
13298
19204
62171
56861
71026
52227
26592
19280
52153
66790
8563
76769
29272
32277
77379
50099
8854
44095
2130
86792
58160
47691
1229
30625
69237
24954
20954
27264
49484
86751
67783
38630
28057
86622
17616
33714
89697
83373
75047
91634
68024
35399
7099
78386
2230
13710
62243
48268
23264
50769
6663
50919
71298
20048
66653
90637
49124
33938
94207
24164
61516
48893
81425
44576
8018